keys
0.0030581039755351682
0.14678899082568808
0.0030581039755351682
0.0030581039755351682
0.0030581039755351682
0.0030581039755351682
0.0030581039755351682
0.0061162079510703364
0.0061162079510703364
0.0030581039755351682
0.0030581039755351682
0.0030581039755351682
0.0061162079510703364
0.0030581039755351682
0.0030581039755351682
0.0030581039755351682
0.0030581039755351682
0.0061162079510703364
0.01529051987767584
0.0061162079510703364
0.0030581039755351682
0.0030581039755351682
0.009174311926605505
0.0030581039755351682
0.0030581039755351682
0.0030581039755351682
0.0061162079510703364
0.009174311926605505
0.0030581039755351682
0.0061162079510703364
0.0030581039755351682
0.0061162079510703364
0.0030581039755351682
0.0030581039755351682
0.0061162079510703364
0.0061162079510703364
0.0061162079510703364
0.0030581039755351682
0.0030581039755351682
0.0030581039755351682
0.009174311926605505
0.0030581039755351682
0.0030581039755351682
0.021406727828746176
0.01834862385321101
0.0030581039755351682
0.0061162079510703364
0.0061162079510703364
0.0030581039755351682
0.0030581039755351682
0.0061162079510703364
0.0030581039755351682
0.0030581039755351682
0.0030581039755351682
0.009174311926605505
0.0030581039755351682
0.0030581039755351682
0.021406727828746176
0.0061162079510703364
0.0030581039755351682
0.0061162079510703364
0.0030581039755351682
0.009174311926605505
0.0061162079510703364
0.0030581039755351682
0.0061162079510703364
0.0061162079510703364
0.0061162079510703364
0.012232415902140673
0.0030581039755351682
0.0030581039755351682
0.01834862385321101
0.0030581039755351682
0.0030581039755351682
0.0030581039755351682
0.0030581039755351682
0.0061162079510703364
0.0061162079510703364
0.0030581039755351682
0.012232415902140673
0.0030581039755351682
0.0030581039755351682
0.0061162079510703364
0.0030581039755351682
0.0030581039755351682
0.0061162079510703364
0.0061162079510703364
0.0030581039755351682
0.0030581039755351682
0.0030581039755351682
0.0030581039755351682
0.0061162079510703364
0.0061162079510703364
0.009174311926605505
0.0030581039755351682
0.0061162079510703364
0.0030581039755351682
0.0030581039755351682
0.0030581039755351682
0.009174311926605505
0.0030581039755351682
0.0061162079510703364
0.009174311926605505
0.009174311926605505
0.009174311926605505
0.0061162079510703364
0.0030581039755351682
0.0061162079510703364
0.0030581039755351682
0.0030581039755351682
0.0030581039755351682
0.0030581039755351682
0.0061162079510703364
0.0030581039755351682
0.012232415902140673
0.012232415902140673
0.0030581039755351682
0.0061162079510703364
0.0030581039755351682
0.0030581039755351682
0.0030581039755351682
0.0030581039755351682
0.012232415902140673
0.0061162079510703364
0.009174311926605505
0.009174311926605505
0.0061162079510703364
0.0030581039755351682
0.0061162079510703364
0.0030581039755351682
0.0061162079510703364
0.0030581039755351682
0.0030581039755351682
0.0030581039755351682
0.021406727828746176
0.0061162079510703364
0.0030581039755351682
0.0061162079510703364
0.01529051987767584
0.0061162079510703364
0.0030581039755351682
0.0061162079510703364
0.012232415902140673
0.0030581039755351682
0.0030581039755351682
0.0030581039755351682
0.009174311926605505
0.0061162079510703364
0.0061162079510703364
0.0030581039755351682
0.0030581039755351682
0.0030581039755351682
0.0030581039755351682
0.0061162079510703364
0.0061162079510703364
