30208 0.0030581039755351682
0 0.14678899082568808
23554 0.0030581039755351682
20226 0.0030581039755351682
30978 0.0030581039755351682
3593 0.0030581039755351682
26122 0.0030581039755351682
12044 0.0061162079510703364
23313 0.0061162079510703364
10770 0.0030581039755351682
17938 0.0030581039755351682
2579 0.0030581039755351682
6421 0.0061162079510703364
12571 0.0030581039755351682
31 0.0030581039755351682
10271 0.0030581039755351682
547 0.0030581039755351682
9764 0.0061162079510703364
20516 0.01529051987767584
24613 0.0061162079510703364
27941 0.0030581039755351682
2086 0.0030581039755351682
17703 0.009174311926605505
25128 0.0030581039755351682
13608 0.0030581039755351682
10793 0.0030581039755351682
23083 0.0061162079510703364
26672 0.009174311926605505
17458 0.0030581039755351682
19763 0.0061162079510703364
20788 0.0030581039755351682
18485 0.0061162079510703364
22327 0.0030581039755351682
4153 0.0030581039755351682
2873 0.0061162079510703364
8508 0.0061162079510703364
3134 0.0061162079510703364
27966 0.0030581039755351682
19524 0.0030581039755351682
10309 0.0030581039755351682
29255 0.009174311926605505
5191 0.0030581039755351682
10567 0.0030581039755351682
30538 0.021406727828746176
1611 0.01834862385321101
7500 0.0030581039755351682
14157 0.0061162079510703364
1357 0.0061162079510703364
850 0.0030581039755351682
18003 0.0030581039755351682
9300 0.0061162079510703364
31318 0.0030581039755351682
9563 0.0030581039755351682
4955 0.0030581039755351682
30045 0.009174311926605505
3425 0.0030581039755351682
31332 0.0030581039755351682
26469 0.021406727828746176
31079 0.0061162079510703364
10087 0.0030581039755351682
1896 0.0061162079510703364
20843 0.0030581039755351682
5995 0.009174311926605505
7022 0.0061162079510703364
7280 0.0030581039755351682
14962 0.0061162079510703364
24947 0.0061162079510703364
2419 0.0061162079510703364
29556 0.012232415902140673
22392 0.0030581039755351682
10105 0.0030581039755351682
27263 0.01834862385321101
12932 0.0030581039755351682
30084 0.0030581039755351682
6533 0.0030581039755351682
28551 0.0030581039755351682
26759 0.0061162079510703364
11656 0.0061162079510703364
394 0.0030581039755351682
11404 0.012232415902140673
6798 0.0030581039755351682
31887 0.0030581039755351682
13968 0.0061162079510703364
26513 0.0030581039755351682
915 0.0030581039755351682
2195 0.0061162079510703364
10901 0.0061162079510703364
8853 0.0030581039755351682
12182 0.0030581039755351682
17303 0.0030581039755351682
30871 0.0030581039755351682
3993 0.0061162079510703364
9113 0.0061162079510703364
14745 0.009174311926605505
27546 0.0030581039755351682
30618 0.0061162079510703364
8090 0.0030581039755351682
15007 0.0030581039755351682
24484 0.0030581039755351682
19878 0.009174311926605505
17831 0.0030581039755351682
2984 0.0061162079510703364
21160 0.009174311926605505
31657 0.009174311926605505
17065 0.009174311926605505
4521 0.0061162079510703364
25261 0.0030581039755351682
16558 0.0061162079510703364
3247 0.0030581039755351682
10671 0.0030581039755351682
12976 0.0030581039755351682
2225 0.0030581039755351682
28850 0.0061162079510703364
6327 0.0030581039755351682
21944 0.012232415902140673
13496 0.012232415902140673
1976 0.0030581039755351682
23994 0.0061162079510703364
29888 0.0030581039755351682
9153 0.0030581039755351682
2498 0.0030581039755351682
5314 0.0030581039755351682
32195 0.012232415902140673
22211 0.0061162079510703364
28356 0.009174311926605505
197 0.009174311926605505
23495 0.0061162079510703364
11721 0.0030581039755351682
1740 0.0061162079510703364
21199 0.0030581039755351682
8656 0.0061162079510703364
20947 0.0030581039755351682
10195 0.0030581039755351682
31955 0.0030581039755351682
16341 0.021406727828746176
25814 0.0061162079510703364
25560 0.0030581039755351682
21723 0.0061162079510703364
27871 0.01529051987767584
27361 0.0061162079510703364
31459 0.0030581039755351682
19428 0.0061162079510703364
18918 0.012232415902140673
19942 0.0030581039755351682
2281 0.0030581039755351682
4587 0.0030581039755351682
32748 0.009174311926605505
31212 0.0061162079510703364
19182 0.0061162079510703364
9966 0.0030581039755351682
12783 0.0030581039755351682
7152 0.0030581039755351682
5874 0.0030581039755351682
15606 0.0061162079510703364
14840 0.0061162079510703364
