Keys
0.0053684725
0.00829673
0.0014641288
0.0039043436
9.760859E-4
0.0019521718
9.760859E-4
9.760859E-4
9.760859E-4
0.0043923864
0.0034163005
0.0039043436
0.010248902
0.0029282577
9.760859E-4
0.0019521718
0.0019521718
0.0019521718
0.0024402146
0.0048804292
0.0048804292
0.0019521718
0.0024402146
0.0024402146
0.0034163005
0.0043923864
0.0039043436
0.0048804292
0.0039043436
0.0014641288
9.760859E-4
0.009272816
0.0019521718
9.760859E-4
9.760859E-4
9.760859E-4
0.0019521718
0.0034163005
9.760859E-4
0.0019521718
0.0019521718
9.760859E-4
9.760859E-4
0.0048804292
0.0029282577
0.0043923864
0.0053684725
0.0019521718
0.0014641288
0.0019521718
0.0014641288
9.760859E-4
9.760859E-4
0.0014641288
0.0014641288
0.0019521718
9.760859E-4
9.760859E-4
9.760859E-4
0.0024402146
0.0024402146
9.760859E-4
0.0019521718
0.0034163005
0.0024402146
0.0039043436
0.0029282577
0.0024402146
9.760859E-4
0.0019521718
0.0024402146
0.0019521718
9.760859E-4
9.760859E-4
0.0048804292
0.0014641288
9.760859E-4
9.760859E-4
9.760859E-4
0.0034163005
0.0014641288
0.0024402146
0.0019521718
9.760859E-4
0.0034163005
0.0053684725
9.760859E-4
0.0019521718
0.0053684725
9.760859E-4
0.0024402146
9.760859E-4
0.0034163005
0.0019521718
0.0043923864
0.0029282577
0.0048804292
9.760859E-4
9.760859E-4
9.760859E-4
0.0019521718
9.760859E-4
9.760859E-4
9.760859E-4
0.0029282577
0.006832601
0.0048804292
0.0058565154
0.009272816
0.0034163005
9.760859E-4
9.760859E-4
9.760859E-4
0.0034163005
0.0043923864
0.0014641288
0.0039043436
0.0019521718
9.760859E-4
0.0019521718
0.0034163005
9.760859E-4
0.0043923864
0.0014641288
0.007808687
9.760859E-4
0.0019521718
0.0058565154
0.0019521718
0.0034163005
0.0034163005
0.0029282577
0.0029282577
0.0024402146
0.0019521718
0.0014641288
0.0024402146
0.006832601
0.0019521718
0.0034163005
0.0053684725
0.0034163005
0.0014641288
0.0039043436
0.0024402146
0.0019521718
0.0019521718
0.0014641288
0.010248902
0.0034163005
0.0034163005
9.760859E-4
0.0043923864
0.0039043436
0.006832601
0.0034163005
0.0058565154
0.0039043436
0.0014641288
0.0043923864
0.0048804292
0.0029282577
0.007808687
0.0029282577
0.0053684725
0.0024402146
0.0024402146
9.760859E-4
0.0024402146
0.0039043436
9.760859E-4
0.0019521718
0.0014641288
0.0039043436
9.760859E-4
9.760859E-4
0.0034163005
9.760859E-4
0.0024402146
9.760859E-4
9.760859E-4
0.0019521718
0.0043923864
0.0014641288
0.0053684725
0.0048804292
0.0024402146
0.006344558
0.0014641288
9.760859E-4
9.760859E-4
0.0024402146
0.0019521718
9.760859E-4
0.0019521718
0.0048804292
0.0048804292
0.0019521718
0.0048804292
0.0019521718
9.760859E-4
0.0024402146
0.0039043436
0.006832601
0.0024402146
0.0058565154
0.010736945
0.0029282577
0.0024402146
0.0014641288
0.0039043436
0.0048804292
0.0043923864
0.010248902
0.0019521718
0.0048804292
0.0024402146
0.0039043436
0.0029282577
0.0019521718
0.0058565154
0.0019521718
0.006344558
0.011224988
9.760859E-4
0.0043923864
0.0053684725
0.0043923864
0.0034163005
0.009272816
0.0019521718
0.0043923864
0.0029282577
0.006344558
0.006344558
0.0043923864
0.0014641288
0.0014641288
0.0019521718
0.0014641288
0.0024402146
0.0058565154
0.0034163005
0.0024402146
0.006832601
0.0039043436
0.0019521718
0.0024402146
0.0019521718
0.0024402146
0.0043923864
9.760859E-4
0.0024402146
0.006344558
0.00829673
9.760859E-4
9.760859E-4
0.0034163005
0.0019521718
0.0053684725
9.760859E-4
0.0058565154
0.0014641288
0.0014641288
0.0019521718
0.0034163005
0.0024402146
0.0019521718
9.760859E-4
9.760859E-4
0.0024402146
0.0014641288
0.0024402146
0.0014641288
0.0024402146
0.0019521718
0.0024402146
0.0039043436
0.0058565154
0.0029282577
9.760859E-4
0.0034163005
0.0034163005
0.0014641288
0.0053684725
0.0019521718
0.0043923864
0.0029282577
0.0014641288
0.0043923864
0.008784773
9.760859E-4
9.760859E-4
9.760859E-4
9.760859E-4
0.0019521718
0.0048804292
9.760859E-4
0.0034163005
0.0024402146
0.0014641288
0.0029282577
0.0029282577
0.0043923864
0.0058565154
9.760859E-4
0.0043923864
0.0029282577
0.0014641288
0.0039043436
9.760859E-4
0.0019521718
9.760859E-4
9.760859E-4
0.0014641288
0.0053684725
0.013177159
0.0097608585
9.760859E-4
0.0048804292
0.0053684725
0.0024402146
0.0019521718
0.0043923864
0.0058565154
0.0019521718
0.0058565154
