0 0.16358087487283826
24578 2.034587995930824E-4
12291 4.069175991861648E-4
24581 2.034587995930824E-4
16389 2.034587995930824E-4
16393 4.069175991861648E-4
20489 4.069175991861648E-4
12300 6.103763987792472E-4
20493 4.069175991861648E-4
24592 2.034587995930824E-4
28697 0.001017293997965412
20505 2.034587995930824E-4
26 2.034587995930824E-4
24603 2.034587995930824E-4
4123 2.034587995930824E-4
12319 2.034587995930824E-4
28705 4.069175991861648E-4
12323 2.034587995930824E-4
8229 2.034587995930824E-4
20518 2.034587995930824E-4
24614 2.034587995930824E-4
16423 6.103763987792472E-4
8231 2.034587995930824E-4
4136 2.034587995930824E-4
12330 2.034587995930824E-4
43 4.069175991861648E-4
4145 4.069175991861648E-4
16435 2.034587995930824E-4
12340 2.034587995930824E-4
20533 2.034587995930824E-4
53 2.034587995930824E-4
8248 2.034587995930824E-4
28731 4.069175991861648E-4
59 4.069175991861648E-4
4155 4.069175991861648E-4
12348 4.069175991861648E-4
8253 2.034587995930824E-4
16447 2.034587995930824E-4
8257 2.034587995930824E-4
16451 2.034587995930824E-4
4163 2.034587995930824E-4
24648 8.138351983723296E-4
20553 6.103763987792472E-4
16458 2.034587995930824E-4
12365 4.069175991861648E-4
78 8.138351983723296E-4
8270 4.069175991861648E-4
16465 4.069175991861648E-4
24657 4.069175991861648E-4
20563 6.103763987792472E-4
4179 4.069175991861648E-4
12372 2.034587995930824E-4
20564 2.034587995930824E-4
12375 2.034587995930824E-4
28759 2.034587995930824E-4
91 4.069175991861648E-4
20575 2.034587995930824E-4
20580 2.034587995930824E-4
8300 2.034587995930824E-4
20588 2.034587995930824E-4
108 4.069175991861648E-4
24687 4.069175991861648E-4
4208 6.103763987792472E-4
112 2.034587995930824E-4
8304 2.034587995930824E-4
24690 4.069175991861648E-4
16499 4.069175991861648E-4
8312 2.034587995930824E-4
12408 2.034587995930824E-4
28797 4.069175991861648E-4
16510 2.034587995930824E-4
8319 2.034587995930824E-4
20607 4.069175991861648E-4
24705 2.034587995930824E-4
4230 6.103763987792472E-4
8327 2.034587995930824E-4
16522 2.034587995930824E-4
140 0.001017293997965412
4237 4.069175991861648E-4
16526 2.034587995930824E-4
12430 2.034587995930824E-4
4240 2.034587995930824E-4
28816 6.103763987792472E-4
20625 4.069175991861648E-4
147 4.069175991861648E-4
12439 2.034587995930824E-4
24730 4.069175991861648E-4
16539 2.034587995930824E-4
8347 2.034587995930824E-4
20637 2.034587995930824E-4
4253 2.034587995930824E-4
157 4.069175991861648E-4
28831 2.034587995930824E-4
12450 2.034587995930824E-4
24740 2.034587995930824E-4
16550 4.069175991861648E-4
20647 6.103763987792472E-4
12455 2.034587995930824E-4
4263 2.034587995930824E-4
28839 2.034587995930824E-4
28840 2.034587995930824E-4
169 2.034587995930824E-4
24745 2.034587995930824E-4
8365 4.069175991861648E-4
4269 2.034587995930824E-4
179 6.103763987792472E-4
8372 4.069175991861648E-4
20664 0.001017293997965412
4280 2.034587995930824E-4
12477 8.138351983723296E-4
189 2.034587995930824E-4
4286 2.034587995930824E-4
8383 2.034587995930824E-4
28865 2.034587995930824E-4
8388 2.034587995930824E-4
16581 2.034587995930824E-4
20680 4.069175991861648E-4
4299 4.069175991861648E-4
12491 2.034587995930824E-4
28876 4.069175991861648E-4
206 8.138351983723296E-4
8400 4.069175991861648E-4
24786 6.103763987792472E-4
4306 6.103763987792472E-4
28882 2.034587995930824E-4
213 6.103763987792472E-4
4309 2.034587995930824E-4
218 2.034587995930824E-4
16603 2.034587995930824E-4
8411 2.034587995930824E-4
28893 2.034587995930824E-4
222 4.069175991861648E-4
4319 2.034587995930824E-4
227 2.034587995930824E-4
24803 2.034587995930824E-4
8419 2.034587995930824E-4
28903 4.069175991861648E-4
24807 4.069175991861648E-4
8426 2.034587995930824E-4
4333 4.069175991861648E-4
12526 4.069175991861648E-4
20720 8.138351983723296E-4
20722 2.034587995930824E-4
24822 4.069175991861648E-4
248 6.103763987792472E-4
28920 0.001017293997965412
16633 4.069175991861648E-4
24827 2.034587995930824E-4
12541 2.034587995930824E-4
28927 2.034587995930824E-4
20736 4.069175991861648E-4
8451 4.069175991861648E-4
4358 0.001017293997965412
12553 2.034587995930824E-4
8457 2.034587995930824E-4
24842 4.069175991861648E-4
28938 2.034587995930824E-4
267 4.069175991861648E-4
4366 2.034587995930824E-4
20755 4.069175991861648E-4
4372 2.034587995930824E-4
28950 2.034587995930824E-4
8471 4.069175991861648E-4
20759 2.034587995930824E-4
16666 2.034587995930824E-4
24859 4.069175991861648E-4
12574 0.001017293997965412
4383 4.069175991861648E-4
20769 4.069175991861648E-4
12578 2.034587995930824E-4
28963 6.103763987792472E-4
8483 2.034587995930824E-4
4389 2.034587995930824E-4
295 8.138351983723296E-4
12585 4.069175991861648E-4
8491 8.138351983723296E-4
20780 2.034587995930824E-4
12588 2.034587995930824E-4
16685 8.138351983723296E-4
304 4.069175991861648E-4
28979 2.034587995930824E-4
24884 2.034587995930824E-4
12597 4.069175991861648E-4
24887 2.034587995930824E-4
16697 2.034587995930824E-4
315 4.069175991861648E-4
28987 4.069175991861648E-4
4416 6.103763987792472E-4
8513 6.103763987792472E-4
24901 4.069175991861648E-4
28997 4.069175991861648E-4
12613 2.034587995930824E-4
8518 4.069175991861648E-4
16713 2.034587995930824E-4
8524 2.034587995930824E-4
24909 4.069175991861648E-4
4429 2.034587995930824E-4
8529 2.034587995930824E-4
20818 2.034587995930824E-4
16723 2.034587995930824E-4
20821 2.034587995930824E-4
29014 4.069175991861648E-4
343 4.069175991861648E-4
12631 2.034587995930824E-4
4440 2.034587995930824E-4
16728 2.034587995930824E-4
349 2.034587995930824E-4
20831 2.034587995930824E-4
16738 4.069175991861648E-4
12642 2.034587995930824E-4
29027 2.034587995930824E-4
8547 2.034587995930824E-4
20836 2.034587995930824E-4
12648 2.034587995930824E-4
24937 0.001017293997965412
29035 2.034587995930824E-4
12654 4.069175991861648E-4
20847 2.034587995930824E-4
4464 6.103763987792472E-4
12663 2.034587995930824E-4
4473 2.034587995930824E-4
16764 6.103763987792472E-4
24956 2.034587995930824E-4
20860 2.034587995930824E-4
8576 6.103763987792472E-4
12675 2.034587995930824E-4
16775 2.034587995930824E-4
391 6.103763987792472E-4
29064 6.103763987792472E-4
8585 2.034587995930824E-4
16778 2.034587995930824E-4
396 6.103763987792472E-4
12685 2.034587995930824E-4
4493 2.034587995930824E-4
20877 2.034587995930824E-4
16785 2.034587995930824E-4
29073 2.034587995930824E-4
24978 0.001017293997965412
16792 2.034587995930824E-4
4509 4.069175991861648E-4
8606 4.069175991861648E-4
12703 4.069175991861648E-4
415 4.069175991861648E-4
4511 4.069175991861648E-4
16799 2.034587995930824E-4
12704 2.034587995930824E-4
419 2.034587995930824E-4
29092 6.103763987792472E-4
20900 6.103763987792472E-4
25000 4.069175991861648E-4
4521 6.103763987792472E-4
428 2.034587995930824E-4
20908 2.034587995930824E-4
16813 4.069175991861648E-4
29101 2.034587995930824E-4
8623 4.069175991861648E-4
25009 2.034587995930824E-4
12728 2.034587995930824E-4
440 6.103763987792472E-4
16825 2.034587995930824E-4
4537 6.103763987792472E-4
29116 8.138351983723296E-4
445 2.034587995930824E-4
20925 4.069175991861648E-4
4542 2.034587995930824E-4
29121 2.034587995930824E-4
4545 2.034587995930824E-4
25025 2.034587995930824E-4
20930 2.034587995930824E-4
12738 2.034587995930824E-4
4548 2.034587995930824E-4
4549 2.034587995930824E-4
29126 2.034587995930824E-4
8646 4.069175991861648E-4
25031 2.034587995930824E-4
459 4.069175991861648E-4
12748 2.034587995930824E-4
16846 4.069175991861648E-4
25039 6.103763987792472E-4
16849 4.069175991861648E-4
4561 4.069175991861648E-4
12753 2.034587995930824E-4
8659 2.034587995930824E-4
4567 2.034587995930824E-4
472 2.034587995930824E-4
12765 6.103763987792472E-4
25054 4.069175991861648E-4
4574 2.034587995930824E-4
29151 8.138351983723296E-4
20961 8.138351983723296E-4
481 2.034587995930824E-4
20964 2.034587995930824E-4
4586 4.069175991861648E-4
8682 2.034587995930824E-4
16876 2.034587995930824E-4
25073 2.034587995930824E-4
12786 4.069175991861648E-4
20980 4.069175991861648E-4
500 4.069175991861648E-4
29173 4.069175991861648E-4
4599 4.069175991861648E-4
506 2.034587995930824E-4
16891 2.034587995930824E-4
25090 6.103763987792472E-4
20995 2.034587995930824E-4
29188 4.069175991861648E-4
16900 2.034587995930824E-4
25094 2.034587995930824E-4
21002 2.034587995930824E-4
29194 6.103763987792472E-4
524 4.069175991861648E-4
12815 4.069175991861648E-4
29200 2.034587995930824E-4
29205 2.034587995930824E-4
8727 4.069175991861648E-4
537 2.034587995930824E-4
12827 4.069175991861648E-4
4635 6.103763987792472E-4
25116 8.138351983723296E-4
540 2.034587995930824E-4
16926 4.069175991861648E-4
21023 2.034587995930824E-4
29218 2.034587995930824E-4
12835 4.069175991861648E-4
25125 2.034587995930824E-4
4646 4.069175991861648E-4
551 6.103763987792472E-4
8744 4.069175991861648E-4
29226 2.034587995930824E-4
16942 8.138351983723296E-4
559 2.034587995930824E-4
21040 2.034587995930824E-4
4656 2.034587995930824E-4
16947 2.034587995930824E-4
25140 2.034587995930824E-4
8756 2.034587995930824E-4
4662 2.034587995930824E-4
12858 6.103763987792472E-4
25147 2.034587995930824E-4
8764 2.034587995930824E-4
573 4.069175991861648E-4
579 2.034587995930824E-4
29252 8.138351983723296E-4
29254 4.069175991861648E-4
4680 4.069175991861648E-4
25162 2.034587995930824E-4
16971 0.0012207527975584944
4685 4.069175991861648E-4
12877 4.069175991861648E-4
21069 6.103763987792472E-4
8781 4.069175991861648E-4
16974 2.034587995930824E-4
25169 4.069175991861648E-4
594 2.034587995930824E-4
29271 6.103763987792472E-4
16984 4.069175991861648E-4
8792 2.034587995930824E-4
4702 4.069175991861648E-4
8799 2.034587995930824E-4
16991 2.034587995930824E-4
608 6.103763987792472E-4
21088 2.034587995930824E-4
12901 4.069175991861648E-4
4710 2.034587995930824E-4
619 2.034587995930824E-4
622 2.034587995930824E-4
8815 6.103763987792472E-4
21104 4.069175991861648E-4
12914 4.069175991861648E-4
17013 6.103763987792472E-4
4726 6.103763987792472E-4
21110 4.069175991861648E-4
25208 6.103763987792472E-4
12921 2.034587995930824E-4
8825 2.034587995930824E-4
17023 2.034587995930824E-4
641 2.034587995930824E-4
21122 4.069175991861648E-4
29314 4.069175991861648E-4
25221 4.069175991861648E-4
17029 2.034587995930824E-4
29317 2.034587995930824E-4
646 2.034587995930824E-4
4745 6.103763987792472E-4
8841 2.034587995930824E-4
17036 4.069175991861648E-4
21132 2.034587995930824E-4
12942 6.103763987792472E-4
25232 6.103763987792472E-4
29328 4.069175991861648E-4
17041 2.034587995930824E-4
8849 2.034587995930824E-4
17044 4.069175991861648E-4
12949 2.034587995930824E-4
25238 2.034587995930824E-4
4758 2.034587995930824E-4
25241 2.034587995930824E-4
29337 4.069175991861648E-4
17050 4.069175991861648E-4
666 4.069175991861648E-4
12956 2.034587995930824E-4
8862 2.034587995930824E-4
674 2.034587995930824E-4
25250 4.069175991861648E-4
17059 4.069175991861648E-4
4771 4.069175991861648E-4
29350 4.069175991861648E-4
29353 4.069175991861648E-4
17066 2.034587995930824E-4
12970 4.069175991861648E-4
8877 2.034587995930824E-4
686 4.069175991861648E-4
17071 2.034587995930824E-4
12979 4.069175991861648E-4
21172 2.034587995930824E-4
21176 2.034587995930824E-4
17083 2.034587995930824E-4
701 4.069175991861648E-4
4798 6.103763987792472E-4
29375 4.069175991861648E-4
703 2.034587995930824E-4
8898 4.069175991861648E-4
29378 4.069175991861648E-4
8909 2.034587995930824E-4
21202 2.034587995930824E-4
4819 2.034587995930824E-4
13012 8.138351983723296E-4
724 2.034587995930824E-4
8919 6.103763987792472E-4
29399 6.103763987792472E-4
17113 8.138351983723296E-4
13017 2.034587995930824E-4
25307 2.034587995930824E-4
8924 2.034587995930824E-4
4830 4.069175991861648E-4
21214 2.034587995930824E-4
735 4.069175991861648E-4
8928 2.034587995930824E-4
737 2.034587995930824E-4
17122 4.069175991861648E-4
25316 2.034587995930824E-4
17124 2.034587995930824E-4
25317 2.034587995930824E-4
741 2.034587995930824E-4
29423 2.034587995930824E-4
13040 2.034587995930824E-4
21238 2.034587995930824E-4
8950 2.034587995930824E-4
759 6.103763987792472E-4
13047 2.034587995930824E-4
29433 4.069175991861648E-4
25338 6.103763987792472E-4
4859 8.138351983723296E-4
29437 2.034587995930824E-4
13053 4.069175991861648E-4
8961 4.069175991861648E-4
21250 2.034587995930824E-4
4867 2.034587995930824E-4
17157 4.069175991861648E-4
8965 2.034587995930824E-4
13063 2.034587995930824E-4
4871 2.034587995930824E-4
777 2.034587995930824E-4
21258 6.103763987792472E-4
17162 2.034587995930824E-4
25357 4.069175991861648E-4
784 2.034587995930824E-4
29457 2.034587995930824E-4
4886 8.138351983723296E-4
17175 6.103763987792472E-4
25369 4.069175991861648E-4
8985 2.034587995930824E-4
13082 2.034587995930824E-4
21276 2.034587995930824E-4
17182 4.069175991861648E-4
799 2.034587995930824E-4
13089 2.034587995930824E-4
21283 4.069175991861648E-4
29476 6.103763987792472E-4
8997 6.103763987792472E-4
13095 2.034587995930824E-4
13097 2.034587995930824E-4
4909 6.103763987792472E-4
25389 2.034587995930824E-4
17200 2.034587995930824E-4
29490 2.034587995930824E-4
29492 2.034587995930824E-4
4919 4.069175991861648E-4
25402 2.034587995930824E-4
9019 8.138351983723296E-4
13115 6.103763987792472E-4
828 0.001017293997965412
13120 2.034587995930824E-4
833 2.034587995930824E-4
17225 8.138351983723296E-4
25418 2.034587995930824E-4
17227 2.034587995930824E-4
29516 0.001017293997965412
9037 8.138351983723296E-4
21326 2.034587995930824E-4
13137 8.138351983723296E-4
4945 4.069175991861648E-4
17236 2.034587995930824E-4
29525 4.069175991861648E-4
9047 2.034587995930824E-4
13145 4.069175991861648E-4
21338 8.138351983723296E-4
29530 2.034587995930824E-4
17245 2.034587995930824E-4
17246 2.034587995930824E-4
9054 2.034587995930824E-4
9057 2.034587995930824E-4
865 2.034587995930824E-4
29541 4.069175991861648E-4
13158 4.069175991861648E-4
873 2.034587995930824E-4
25451 4.069175991861648E-4
21357 2.034587995930824E-4
29549 2.034587995930824E-4
25454 2.034587995930824E-4
9071 4.069175991861648E-4
4975 6.103763987792472E-4
17264 0.001017293997965412
885 4.069175991861648E-4
4982 4.069175991861648E-4
21372 2.034587995930824E-4
893 4.069175991861648E-4
13181 4.069175991861648E-4
17277 6.103763987792472E-4
9088 4.069175991861648E-4
17281 4.069175991861648E-4
21379 2.034587995930824E-4
13189 2.034587995930824E-4
9093 2.034587995930824E-4
29574 4.069175991861648E-4
29578 2.034587995930824E-4
17292 4.069175991861648E-4
5004 2.034587995930824E-4
25486 0.001017293997965412
29583 2.034587995930824E-4
912 8.138351983723296E-4
25491 2.034587995930824E-4
21397 4.069175991861648E-4
917 2.034587995930824E-4
29590 2.034587995930824E-4
13207 4.069175991861648E-4
9111 2.034587995930824E-4
25500 4.069175991861648E-4
5020 2.034587995930824E-4
9117 2.034587995930824E-4
926 2.034587995930824E-4
29599 2.034587995930824E-4
17312 2.034587995930824E-4
25505 4.069175991861648E-4
9122 2.034587995930824E-4
13220 4.069175991861648E-4
21413 4.069175991861648E-4
9127 2.034587995930824E-4
17319 2.034587995930824E-4
29609 2.034587995930824E-4
25513 2.034587995930824E-4
937 2.034587995930824E-4
25518 2.034587995930824E-4
13231 2.034587995930824E-4
17334 2.034587995930824E-4
953 2.034587995930824E-4
29625 2.034587995930824E-4
13243 2.034587995930824E-4
5053 4.069175991861648E-4
25534 2.034587995930824E-4
958 2.034587995930824E-4
5061 2.034587995930824E-4
29638 0.001017293997965412
17350 2.034587995930824E-4
9162 0.0016276703967446592
21452 2.034587995930824E-4
972 2.034587995930824E-4
29644 2.034587995930824E-4
25550 2.034587995930824E-4
17358 2.034587995930824E-4
13264 2.034587995930824E-4
5074 2.034587995930824E-4
21458 2.034587995930824E-4
21460 2.034587995930824E-4
5080 2.034587995930824E-4
9178 6.103763987792472E-4
21466 2.034587995930824E-4
25563 4.069175991861648E-4
29660 4.069175991861648E-4
5087 2.034587995930824E-4
21472 2.034587995930824E-4
993 2.034587995930824E-4
17378 2.034587995930824E-4
29668 2.034587995930824E-4
13286 4.069175991861648E-4
5096 2.034587995930824E-4
1005 2.034587995930824E-4
29678 2.034587995930824E-4
9200 4.069175991861648E-4
25584 2.034587995930824E-4
13296 4.069175991861648E-4
21493 6.103763987792472E-4
9206 2.034587995930824E-4
17401 4.069175991861648E-4
29689 2.034587995930824E-4
1017 4.069175991861648E-4
25597 2.034587995930824E-4
13309 2.034587995930824E-4
5117 2.034587995930824E-4
21501 2.034587995930824E-4
9218 2.034587995930824E-4
1026 2.034587995930824E-4
17411 2.034587995930824E-4
29702 2.034587995930824E-4
25612 2.034587995930824E-4
29709 2.034587995930824E-4
13326 2.034587995930824E-4
1038 2.034587995930824E-4
21519 0.001017293997965412
5137 2.034587995930824E-4
29713 2.034587995930824E-4
25621 2.034587995930824E-4
13334 2.034587995930824E-4
5144 2.034587995930824E-4
9243 8.138351983723296E-4
13340 2.034587995930824E-4
29725 2.034587995930824E-4
5152 2.034587995930824E-4
9253 2.034587995930824E-4
13351 4.069175991861648E-4
25640 2.034587995930824E-4
29741 2.034587995930824E-4
13357 2.034587995930824E-4
5165 2.034587995930824E-4
21553 0.001017293997965412
17458 4.069175991861648E-4
25651 4.069175991861648E-4
9270 2.034587995930824E-4
13367 4.069175991861648E-4
1079 6.103763987792472E-4
5176 2.034587995930824E-4
9276 2.034587995930824E-4
21569 2.034587995930824E-4
25667 4.069175991861648E-4
13381 2.034587995930824E-4
1095 2.034587995930824E-4
17483 6.103763987792472E-4
5195 2.034587995930824E-4
21584 4.069175991861648E-4
1106 4.069175991861648E-4
17490 2.034587995930824E-4
5203 2.034587995930824E-4
13396 6.103763987792472E-4
17492 2.034587995930824E-4
29783 8.138351983723296E-4
9305 6.103763987792472E-4
25689 6.103763987792472E-4
13402 2.034587995930824E-4
25695 2.034587995930824E-4
1120 4.069175991861648E-4
9312 4.069175991861648E-4
5221 2.034587995930824E-4
17513 4.069175991861648E-4
29803 6.103763987792472E-4
5229 2.034587995930824E-4
1133 2.034587995930824E-4
9327 2.034587995930824E-4
25712 4.069175991861648E-4
17522 2.034587995930824E-4
29811 2.034587995930824E-4
13429 4.069175991861648E-4
21625 2.034587995930824E-4
1146 2.034587995930824E-4
25723 4.069175991861648E-4
5244 4.069175991861648E-4
17536 2.034587995930824E-4
13442 2.034587995930824E-4
29828 2.034587995930824E-4
1156 2.034587995930824E-4
9349 4.069175991861648E-4
21646 4.069175991861648E-4
13455 2.034587995930824E-4
25745 6.103763987792472E-4
21652 2.034587995930824E-4
5268 2.034587995930824E-4
1173 2.034587995930824E-4
13462 2.034587995930824E-4
29850 4.069175991861648E-4
17566 4.069175991861648E-4
1182 2.034587995930824E-4
25759 4.069175991861648E-4
5279 2.034587995930824E-4
21665 4.069175991861648E-4
13474 2.034587995930824E-4
9378 2.034587995930824E-4
29859 4.069175991861648E-4
5287 6.103763987792472E-4
25767 6.103763987792472E-4
13480 4.069175991861648E-4
21675 4.069175991861648E-4
17581 0.001017293997965412
9394 2.034587995930824E-4
1207 2.034587995930824E-4
13497 2.034587995930824E-4
21690 6.103763987792472E-4
9404 2.034587995930824E-4
5312 4.069175991861648E-4
1216 2.034587995930824E-4
17602 2.034587995930824E-4
9410 2.034587995930824E-4
21699 2.034587995930824E-4
29891 8.138351983723296E-4
25796 8.138351983723296E-4
13509 8.138351983723296E-4
9414 2.034587995930824E-4
13513 2.034587995930824E-4
21706 2.034587995930824E-4
1227 4.069175991861648E-4
25803 2.034587995930824E-4
9419 2.034587995930824E-4
17613 4.069175991861648E-4
9421 2.034587995930824E-4
29902 2.034587995930824E-4
29903 2.034587995930824E-4
1232 2.034587995930824E-4
5332 8.138351983723296E-4
17625 4.069175991861648E-4
1241 2.034587995930824E-4
29914 2.034587995930824E-4
25819 4.069175991861648E-4
9437 4.069175991861648E-4
13539 8.138351983723296E-4
17639 4.069175991861648E-4
5352 2.034587995930824E-4
1256 2.034587995930824E-4
9448 2.034587995930824E-4
21737 4.069175991861648E-4
29931 4.069175991861648E-4
25837 6.103763987792472E-4
13553 4.069175991861648E-4
1268 4.069175991861648E-4
17653 4.069175991861648E-4
29942 2.034587995930824E-4
1273 4.069175991861648E-4
9466 2.034587995930824E-4
5371 4.069175991861648E-4
21759 2.034587995930824E-4
9473 2.034587995930824E-4
25858 8.138351983723296E-4
1283 6.103763987792472E-4
9475 2.034587995930824E-4
17667 4.069175991861648E-4
29956 4.069175991861648E-4
5380 2.034587995930824E-4
13577 8.138351983723296E-4
21772 8.138351983723296E-4
25870 0.001017293997965412
1294 2.034587995930824E-4
29969 6.103763987792472E-4
13585 2.034587995930824E-4
17682 2.034587995930824E-4
5398 6.103763987792472E-4
9495 8.138351983723296E-4
25880 4.069175991861648E-4
29976 2.034587995930824E-4
5402 2.034587995930824E-4
9500 4.069175991861648E-4
17694 2.034587995930824E-4
1311 4.069175991861648E-4
13599 2.034587995930824E-4
9504 2.034587995930824E-4
17697 2.034587995930824E-4
21797 2.034587995930824E-4
25893 2.034587995930824E-4
29990 8.138351983723296E-4
1319 2.034587995930824E-4
25900 2.034587995930824E-4
1328 4.069175991861648E-4
13621 8.138351983723296E-4
21813 6.103763987792472E-4
30009 2.034587995930824E-4
13625 2.034587995930824E-4
9531 2.034587995930824E-4
25915 4.069175991861648E-4
1346 4.069175991861648E-4
30019 2.034587995930824E-4
1347 2.034587995930824E-4
5446 4.069175991861648E-4
25926 2.034587995930824E-4
21832 2.034587995930824E-4
9544 2.034587995930824E-4
5448 2.034587995930824E-4
13642 4.069175991861648E-4
21837 2.034587995930824E-4
25934 4.069175991861648E-4
17743 8.138351983723296E-4
1359 2.034587995930824E-4
9553 2.034587995930824E-4
5460 2.034587995930824E-4
17749 2.034587995930824E-4
30042 2.034587995930824E-4
1371 6.103763987792472E-4
5470 2.034587995930824E-4
25957 2.034587995930824E-4
21863 2.034587995930824E-4
9576 2.034587995930824E-4
5482 2.034587995930824E-4
17776 2.034587995930824E-4
13681 0.001017293997965412
9585 4.069175991861648E-4
30068 6.103763987792472E-4
30069 2.034587995930824E-4
21877 4.069175991861648E-4
5493 2.034587995930824E-4
1398 6.103763987792472E-4
17783 2.034587995930824E-4
1403 2.034587995930824E-4
5500 2.034587995930824E-4
9597 4.069175991861648E-4
13697 6.103763987792472E-4
5506 2.034587995930824E-4
30086 8.138351983723296E-4
25990 4.069175991861648E-4
17801 6.103763987792472E-4
25993 2.034587995930824E-4
1421 2.034587995930824E-4
13711 2.034587995930824E-4
5520 2.034587995930824E-4
21904 2.034587995930824E-4
1425 2.034587995930824E-4
9618 4.069175991861648E-4
30098 4.069175991861648E-4
26005 4.069175991861648E-4
5525 2.034587995930824E-4
13717 2.034587995930824E-4
21910 2.034587995930824E-4
1430 2.034587995930824E-4
21915 2.034587995930824E-4
17820 2.034587995930824E-4
17821 2.034587995930824E-4
30110 4.069175991861648E-4
5536 4.069175991861648E-4
13731 6.103763987792472E-4
30117 2.034587995930824E-4
17831 2.034587995930824E-4
21929 4.069175991861648E-4
9643 2.034587995930824E-4
26028 0.001017293997965412
1454 8.138351983723296E-4
5551 2.034587995930824E-4
13744 2.034587995930824E-4
9648 2.034587995930824E-4
17841 2.034587995930824E-4
30129 2.034587995930824E-4
1457 2.034587995930824E-4
26034 4.069175991861648E-4
30135 2.034587995930824E-4
1465 4.069175991861648E-4
17851 4.069175991861648E-4
1469 2.034587995930824E-4
5566 4.069175991861648E-4
26047 2.034587995930824E-4
13761 2.034587995930824E-4
17861 2.034587995930824E-4
5575 4.069175991861648E-4
5577 2.034587995930824E-4
30155 4.069175991861648E-4
17870 4.069175991861648E-4
21968 0.001017293997965412
26064 2.034587995930824E-4
9682 0.001017293997965412
1491 6.103763987792472E-4
26070 2.034587995930824E-4
9687 4.069175991861648E-4
21979 2.034587995930824E-4
5595 2.034587995930824E-4
30171 2.034587995930824E-4
30176 4.069175991861648E-4
1505 4.069175991861648E-4
26081 2.034587995930824E-4
5605 2.034587995930824E-4
26087 2.034587995930824E-4
9703 2.034587995930824E-4
1512 4.069175991861648E-4
1518 2.034587995930824E-4
17903 8.138351983723296E-4
13808 0.0016276703967446592
22006 8.138351983723296E-4
9718 6.103763987792472E-4
5622 2.034587995930824E-4
1526 4.069175991861648E-4
17911 4.069175991861648E-4
5624 2.034587995930824E-4
13823 2.034587995930824E-4
9729 4.069175991861648E-4
5635 2.034587995930824E-4
26116 0.001017293997965412
22020 2.034587995930824E-4
1541 2.034587995930824E-4
30219 6.103763987792472E-4
1554 4.069175991861648E-4
26130 2.034587995930824E-4
17939 2.034587995930824E-4
13846 4.069175991861648E-4
26138 2.034587995930824E-4
9755 2.034587995930824E-4
22049 6.103763987792472E-4
26146 2.034587995930824E-4
1571 6.103763987792472E-4
17956 2.034587995930824E-4
26149 2.034587995930824E-4
13863 4.069175991861648E-4
30247 6.103763987792472E-4
9767 4.069175991861648E-4
5677 6.103763987792472E-4
9775 2.034587995930824E-4
5680 4.069175991861648E-4
26164 8.138351983723296E-4
22068 4.069175991861648E-4
1590 4.069175991861648E-4
9784 4.069175991861648E-4
13883 4.069175991861648E-4
17983 2.034587995930824E-4
9792 2.034587995930824E-4
22080 2.034587995930824E-4
13894 2.034587995930824E-4
1606 2.034587995930824E-4
5703 2.034587995930824E-4
30280 0.0012207527975584944
22088 4.069175991861648E-4
5705 2.034587995930824E-4
1609 2.034587995930824E-4
26188 8.138351983723296E-4
17996 2.034587995930824E-4
13903 2.034587995930824E-4
22095 2.034587995930824E-4
5715 2.034587995930824E-4
1620 2.034587995930824E-4
13909 6.103763987792472E-4
9815 0.001017293997965412
1627 2.034587995930824E-4
30301 4.069175991861648E-4
22110 6.103763987792472E-4
5726 2.034587995930824E-4
26212 4.069175991861648E-4
1637 2.034587995930824E-4
22119 4.069175991861648E-4
13927 2.034587995930824E-4
30313 2.034587995930824E-4
1641 4.069175991861648E-4
26221 2.034587995930824E-4
22127 2.034587995930824E-4
5745 6.103763987792472E-4
1654 4.069175991861648E-4
30327 2.034587995930824E-4
26233 2.034587995930824E-4
30333 2.034587995930824E-4
9855 6.103763987792472E-4
22145 2.034587995930824E-4
1666 6.103763987792472E-4
26242 2.034587995930824E-4
18051 2.034587995930824E-4
18053 2.034587995930824E-4
13960 0.001017293997965412
26248 2.034587995930824E-4
22153 2.034587995930824E-4
1674 6.103763987792472E-4
9867 4.069175991861648E-4
18059 2.034587995930824E-4
30358 4.069175991861648E-4
22167 6.103763987792472E-4
1688 4.069175991861648E-4
30361 4.069175991861648E-4
9881 2.034587995930824E-4
26266 2.034587995930824E-4
1690 2.034587995930824E-4
18075 2.034587995930824E-4
1694 2.034587995930824E-4
22175 2.034587995930824E-4
5792 6.103763987792472E-4
13986 8.138351983723296E-4
9893 4.069175991861648E-4
1702 2.034587995930824E-4
18088 4.069175991861648E-4
22188 4.069175991861648E-4
1708 2.034587995930824E-4
9900 2.034587995930824E-4
18095 2.034587995930824E-4
13999 2.034587995930824E-4
1714 2.034587995930824E-4
26293 4.069175991861648E-4
30389 2.034587995930824E-4
18104 2.034587995930824E-4
22200 6.103763987792472E-4
22209 4.069175991861648E-4
26305 2.034587995930824E-4
1733 6.103763987792472E-4
5829 2.034587995930824E-4
14022 4.069175991861648E-4
5833 2.034587995930824E-4
14027 2.034587995930824E-4
1740 4.069175991861648E-4
22221 2.034587995930824E-4
5840 2.034587995930824E-4
9937 8.138351983723296E-4
26322 4.069175991861648E-4
30418 8.138351983723296E-4
5844 6.103763987792472E-4
22231 4.069175991861648E-4
5850 2.034587995930824E-4
14044 4.069175991861648E-4
30428 2.034587995930824E-4
1757 8.138351983723296E-4
26337 2.034587995930824E-4
22242 6.103763987792472E-4
9954 8.138351983723296E-4
18146 2.034587995930824E-4
26343 2.034587995930824E-4
14056 4.069175991861648E-4
1769 4.069175991861648E-4
9969 6.103763987792472E-4
5873 4.069175991861648E-4
1782 4.069175991861648E-4
14071 4.069175991861648E-4
22265 2.034587995930824E-4
18169 2.034587995930824E-4
5882 2.034587995930824E-4
5884 4.069175991861648E-4
30464 6.103763987792472E-4
26368 4.069175991861648E-4
1792 2.034587995930824E-4
9987 8.138351983723296E-4
9990 2.034587995930824E-4
18185 6.103763987792472E-4
5897 2.034587995930824E-4
26378 2.034587995930824E-4
14091 4.069175991861648E-4
9998 2.034587995930824E-4
22291 4.069175991861648E-4
1817 4.069175991861648E-4
30489 8.138351983723296E-4
26394 4.069175991861648E-4
5914 4.069175991861648E-4
10011 2.034587995930824E-4
14111 2.034587995930824E-4
1823 2.034587995930824E-4
18208 2.034587995930824E-4
22309 4.069175991861648E-4
5927 4.069175991861648E-4
30507 2.034587995930824E-4
22317 2.034587995930824E-4
1838 2.034587995930824E-4
18226 6.103763987792472E-4
14130 4.069175991861648E-4
26420 4.069175991861648E-4
1846 2.034587995930824E-4
10039 2.034587995930824E-4
14138 2.034587995930824E-4
30523 4.069175991861648E-4
26430 4.069175991861648E-4
5950 2.034587995930824E-4
1854 2.034587995930824E-4
26432 2.034587995930824E-4
10048 2.034587995930824E-4
22337 2.034587995930824E-4
1858 2.034587995930824E-4
30534 6.103763987792472E-4
26438 2.034587995930824E-4
18248 8.138351983723296E-4
22348 2.034587995930824E-4
18255 2.034587995930824E-4
10064 2.034587995930824E-4
14160 6.103763987792472E-4
22352 4.069175991861648E-4
5968 2.034587995930824E-4
1874 2.034587995930824E-4
18261 4.069175991861648E-4
1878 2.034587995930824E-4
26455 4.069175991861648E-4
22360 2.034587995930824E-4
10073 4.069175991861648E-4
30556 6.103763987792472E-4
1885 2.034587995930824E-4
30560 2.034587995930824E-4
5994 4.069175991861648E-4
18290 0.001017293997965412
26484 6.103763987792472E-4
6004 2.034587995930824E-4
1909 2.034587995930824E-4
22389 4.069175991861648E-4
14198 2.034587995930824E-4
22390 2.034587995930824E-4
6013 6.103763987792472E-4
30589 2.034587995930824E-4
18301 2.034587995930824E-4
1918 2.034587995930824E-4
10119 8.138351983723296E-4
22408 2.034587995930824E-4
1930 2.034587995930824E-4
18316 4.069175991861648E-4
26509 4.069175991861648E-4
14222 6.103763987792472E-4
1936 2.034587995930824E-4
26513 2.034587995930824E-4
6035 8.138351983723296E-4
18324 2.034587995930824E-4
14231 4.069175991861648E-4
10141 0.001017293997965412
6045 4.069175991861648E-4
18333 2.034587995930824E-4
22433 0.001017293997965412
6049 4.069175991861648E-4
14242 2.034587995930824E-4
10148 2.034587995930824E-4
10152 2.034587995930824E-4
22442 4.069175991861648E-4
1968 0.001017293997965412
10161 2.034587995930824E-4
14258 8.138351983723296E-4
14260 2.034587995930824E-4
6069 6.103763987792472E-4
22454 2.034587995930824E-4
30648 4.069175991861648E-4
10170 2.034587995930824E-4
1979 2.034587995930824E-4
6078 6.103763987792472E-4
22462 2.034587995930824E-4
14270 2.034587995930824E-4
30659 2.034587995930824E-4
22470 4.069175991861648E-4
18374 2.034587995930824E-4
30664 2.034587995930824E-4
1994 6.103763987792472E-4
10188 4.069175991861648E-4
6092 6.103763987792472E-4
22476 2.034587995930824E-4
26576 4.069175991861648E-4
14289 6.103763987792472E-4
30674 2.034587995930824E-4
2004 6.103763987792472E-4
26580 2.034587995930824E-4
6105 6.103763987792472E-4
18394 2.034587995930824E-4
22490 2.034587995930824E-4
2010 2.034587995930824E-4
14300 2.034587995930824E-4
26590 2.034587995930824E-4
22494 2.034587995930824E-4
10207 4.069175991861648E-4
18399 2.034587995930824E-4
30688 2.034587995930824E-4
6116 4.069175991861648E-4
6123 2.034587995930824E-4
18413 2.034587995930824E-4
14318 6.103763987792472E-4
30702 2.034587995930824E-4
2031 4.069175991861648E-4
22514 4.069175991861648E-4
14322 4.069175991861648E-4
26613 4.069175991861648E-4
30710 4.069175991861648E-4
2038 4.069175991861648E-4
18422 2.034587995930824E-4
10236 0.0012207527975584944
18428 4.069175991861648E-4
10237 2.034587995930824E-4
6142 2.034587995930824E-4
26623 6.103763987792472E-4
22527 6.103763987792472E-4
10239 2.034587995930824E-4
14337 2.034587995930824E-4
30722 6.103763987792472E-4
26626 2.034587995930824E-4
6146 2.034587995930824E-4
22533 2.034587995930824E-4
18437 2.034587995930824E-4
10245 2.034587995930824E-4
22547 2.034587995930824E-4
26644 2.034587995930824E-4
14359 2.034587995930824E-4
30744 6.103763987792472E-4
2073 4.069175991861648E-4
30746 2.034587995930824E-4
14364 4.069175991861648E-4
14367 2.034587995930824E-4
22559 2.034587995930824E-4
6177 8.138351983723296E-4
26658 4.069175991861648E-4
18467 2.034587995930824E-4
10275 4.069175991861648E-4
22564 2.034587995930824E-4
26661 2.034587995930824E-4
10280 4.069175991861648E-4
18482 2.034587995930824E-4
14388 2.034587995930824E-4
30776 8.138351983723296E-4
26681 6.103763987792472E-4
18489 2.034587995930824E-4
10297 2.034587995930824E-4
14396 2.034587995930824E-4
6205 4.069175991861648E-4
2111 6.103763987792472E-4
22592 6.103763987792472E-4
26689 4.069175991861648E-4
10306 4.069175991861648E-4
14405 4.069175991861648E-4
22601 2.034587995930824E-4
2122 2.034587995930824E-4
14412 2.034587995930824E-4
18510 6.103763987792472E-4
22607 2.034587995930824E-4
2128 2.034587995930824E-4
10320 2.034587995930824E-4
10324 4.069175991861648E-4
26711 2.034587995930824E-4
18521 4.069175991861648E-4
14427 2.034587995930824E-4
30814 6.103763987792472E-4
2149 2.034587995930824E-4
26725 2.034587995930824E-4
10343 4.069175991861648E-4
14443 2.034587995930824E-4
6253 0.0012207527975584944
22640 6.103763987792472E-4
10352 4.069175991861648E-4
14449 2.034587995930824E-4
6258 2.034587995930824E-4
10354 2.034587995930824E-4
22643 2.034587995930824E-4
26743 4.069175991861648E-4
18552 6.103763987792472E-4
14456 2.034587995930824E-4
10366 2.034587995930824E-4
30847 4.069175991861648E-4
14465 2.034587995930824E-4
10370 4.069175991861648E-4
30852 2.034587995930824E-4
30854 2.034587995930824E-4
2182 6.103763987792472E-4
6279 6.103763987792472E-4
14474 6.103763987792472E-4
18572 2.034587995930824E-4
2188 2.034587995930824E-4
18574 2.034587995930824E-4
22671 6.103763987792472E-4
30865 2.034587995930824E-4
22673 2.034587995930824E-4
26770 4.069175991861648E-4
10389 4.069175991861648E-4
6293 2.034587995930824E-4
2198 4.069175991861648E-4
18583 2.034587995930824E-4
30874 4.069175991861648E-4
6299 2.034587995930824E-4
2204 2.034587995930824E-4
14498 8.138351983723296E-4
26787 4.069175991861648E-4
6308 2.034587995930824E-4
2214 2.034587995930824E-4
18599 2.034587995930824E-4
30888 4.069175991861648E-4
10409 4.069175991861648E-4
26795 4.069175991861648E-4
2220 4.069175991861648E-4
6316 2.034587995930824E-4
30892 2.034587995930824E-4
14510 6.103763987792472E-4
10415 4.069175991861648E-4
14512 2.034587995930824E-4
6321 2.034587995930824E-4
2227 2.034587995930824E-4
10420 2.034587995930824E-4
30901 2.034587995930824E-4
14522 4.069175991861648E-4
26811 2.034587995930824E-4
2239 6.103763987792472E-4
6335 4.069175991861648E-4
22720 2.034587995930824E-4
26823 4.069175991861648E-4
30919 4.069175991861648E-4
18632 6.103763987792472E-4
10443 6.103763987792472E-4
30923 2.034587995930824E-4
14540 2.034587995930824E-4
26832 4.069175991861648E-4
2257 4.069175991861648E-4
22738 2.034587995930824E-4
6356 4.069175991861648E-4
26836 2.034587995930824E-4
10454 4.069175991861648E-4
14551 2.034587995930824E-4
6359 2.034587995930824E-4
26840 2.034587995930824E-4
10457 2.034587995930824E-4
18649 2.034587995930824E-4
2268 6.103763987792472E-4
2271 2.034587995930824E-4
30946 2.034587995930824E-4
14564 2.034587995930824E-4
10469 6.103763987792472E-4
22757 2.034587995930824E-4
18665 4.069175991861648E-4
30955 2.034587995930824E-4
6382 4.069175991861648E-4
18671 2.034587995930824E-4
14579 4.069175991861648E-4
26869 4.069175991861648E-4
10487 4.069175991861648E-4
26871 2.034587995930824E-4
14585 2.034587995930824E-4
22778 2.034587995930824E-4
14586 2.034587995930824E-4
26875 2.034587995930824E-4
2301 8.138351983723296E-4
18687 8.138351983723296E-4
6399 2.034587995930824E-4
10497 6.103763987792472E-4
2308 2.034587995930824E-4
30983 8.138351983723296E-4
14601 2.034587995930824E-4
6410 2.034587995930824E-4
26895 2.034587995930824E-4
14611 2.034587995930824E-4
2328 2.034587995930824E-4
18715 6.103763987792472E-4
26907 4.069175991861648E-4
31006 4.069175991861648E-4
18719 2.034587995930824E-4
14624 4.069175991861648E-4
2336 2.034587995930824E-4
26914 6.103763987792472E-4
10531 0.0012207527975584944
22820 0.001017293997965412
2340 2.034587995930824E-4
6439 4.069175991861648E-4
14633 2.034587995930824E-4
6443 2.034587995930824E-4
31023 8.138351983723296E-4
6447 2.034587995930824E-4
14639 2.034587995930824E-4
22840 6.103763987792472E-4
26936 2.034587995930824E-4
10552 2.034587995930824E-4
6456 2.034587995930824E-4
14649 6.103763987792472E-4
2363 4.069175991861648E-4
2365 2.034587995930824E-4
31038 4.069175991861648E-4
6463 2.034587995930824E-4
18752 4.069175991861648E-4
26944 2.034587995930824E-4
14657 2.034587995930824E-4
10562 2.034587995930824E-4
18754 4.069175991861648E-4
26947 2.034587995930824E-4
31045 6.103763987792472E-4
14662 2.034587995930824E-4
22854 4.069175991861648E-4
26952 2.034587995930824E-4
6472 4.069175991861648E-4
2377 4.069175991861648E-4
31050 2.034587995930824E-4
10570 2.034587995930824E-4
22858 2.034587995930824E-4
6476 2.034587995930824E-4
18768 2.034587995930824E-4
6482 2.034587995930824E-4
14675 2.034587995930824E-4
26963 2.034587995930824E-4
31060 2.034587995930824E-4
2389 2.034587995930824E-4
14679 2.034587995930824E-4
26968 2.034587995930824E-4
2392 2.034587995930824E-4
10585 4.069175991861648E-4
6489 2.034587995930824E-4
22875 4.069175991861648E-4
10589 2.034587995930824E-4
14686 2.034587995930824E-4
6494 4.069175991861648E-4
26975 4.069175991861648E-4
2399 4.069175991861648E-4
22882 2.034587995930824E-4
14692 4.069175991861648E-4
10596 4.069175991861648E-4
2408 4.069175991861648E-4
26989 4.069175991861648E-4
2416 2.034587995930824E-4
22898 2.034587995930824E-4
18807 4.069175991861648E-4
6519 4.069175991861648E-4
10616 4.069175991861648E-4
14712 2.034587995930824E-4
27005 2.034587995930824E-4
2430 4.069175991861648E-4
6527 6.103763987792472E-4
14724 4.069175991861648E-4
22919 2.034587995930824E-4
31113 0.0018311291963377416
6538 2.034587995930824E-4
14731 6.103763987792472E-4
10635 4.069175991861648E-4
22926 2.034587995930824E-4
2453 4.069175991861648E-4
31125 4.069175991861648E-4
2457 2.034587995930824E-4
10651 2.034587995930824E-4
27036 6.103763987792472E-4
18845 0.001017293997965412
6559 8.138351983723296E-4
2463 4.069175991861648E-4
10655 2.034587995930824E-4
31137 2.034587995930824E-4
2467 2.034587995930824E-4
14756 8.138351983723296E-4
22948 6.103763987792472E-4
27048 2.034587995930824E-4
18861 2.034587995930824E-4
31152 2.034587995930824E-4
10673 2.034587995930824E-4
14776 6.103763987792472E-4
6589 8.138351983723296E-4
10685 2.034587995930824E-4
27070 4.069175991861648E-4
18880 2.034587995930824E-4
2497 8.138351983723296E-4
14785 4.069175991861648E-4
31172 8.138351983723296E-4
6598 2.034587995930824E-4
31181 4.069175991861648E-4
27086 2.034587995930824E-4
2511 2.034587995930824E-4
22993 2.034587995930824E-4
2516 4.069175991861648E-4
18901 6.103763987792472E-4
6614 2.034587995930824E-4
23001 2.034587995930824E-4
27098 2.034587995930824E-4
2522 2.034587995930824E-4
23003 2.034587995930824E-4
18909 2.034587995930824E-4
6621 2.034587995930824E-4
27104 2.034587995930824E-4
23009 2.034587995930824E-4
14818 2.034587995930824E-4
27109 2.034587995930824E-4
23013 2.034587995930824E-4
2534 2.034587995930824E-4
18921 4.069175991861648E-4
31212 0.0012207527975584944
2541 2.034587995930824E-4
10735 8.138351983723296E-4
31217 2.034587995930824E-4
18930 4.069175991861648E-4
2548 4.069175991861648E-4
6645 2.034587995930824E-4
6649 4.069175991861648E-4
2555 2.034587995930824E-4
10751 4.069175991861648E-4
31233 2.034587995930824E-4
27140 4.069175991861648E-4
18950 6.103763987792472E-4
6666 4.069175991861648E-4
10763 6.103763987792472E-4
2571 4.069175991861648E-4
14862 4.069175991861648E-4
31246 2.034587995930824E-4
2577 4.069175991861648E-4
23057 0.001017293997965412
27154 6.103763987792472E-4
2578 2.034587995930824E-4
14868 2.034587995930824E-4
31254 4.069175991861648E-4
2582 2.034587995930824E-4
6679 6.103763987792472E-4
10775 2.034587995930824E-4
23065 2.034587995930824E-4
14874 2.034587995930824E-4
18972 4.069175991861648E-4
2590 4.069175991861648E-4
18978 6.103763987792472E-4
14884 2.034587995930824E-4
23077 4.069175991861648E-4
18982 2.034587995930824E-4
2601 2.034587995930824E-4
27178 0.0012207527975584944
6699 2.034587995930824E-4
10796 2.034587995930824E-4
2607 2.034587995930824E-4
31279 4.069175991861648E-4
10805 6.103763987792472E-4
27193 2.034587995930824E-4
31292 2.034587995930824E-4
19010 8.138351983723296E-4
23106 2.034587995930824E-4
19016 2.034587995930824E-4
2634 6.103763987792472E-4
14924 6.103763987792472E-4
19020 4.069175991861648E-4
14926 2.034587995930824E-4
23122 6.103763987792472E-4
31315 6.103763987792472E-4
19028 2.034587995930824E-4
27221 6.103763987792472E-4
10840 2.034587995930824E-4
14936 2.034587995930824E-4
19035 2.034587995930824E-4
27228 4.069175991861648E-4
6749 4.069175991861648E-4
10847 6.103763987792472E-4
23135 2.034587995930824E-4
10850 2.034587995930824E-4
14952 2.034587995930824E-4
14955 6.103763987792472E-4
31339 8.138351983723296E-4
6765 4.069175991861648E-4
23150 4.069175991861648E-4
19054 4.069175991861648E-4
10862 2.034587995930824E-4
31344 2.034587995930824E-4
23153 2.034587995930824E-4
10868 2.034587995930824E-4
14965 4.069175991861648E-4
6773 4.069175991861648E-4
6774 2.034587995930824E-4
23160 2.034587995930824E-4
19069 4.069175991861648E-4
31358 2.034587995930824E-4
31363 2.034587995930824E-4
2700 4.069175991861648E-4
27276 0.0014242115971515768
10893 4.069175991861648E-4
14989 2.034587995930824E-4
19088 2.034587995930824E-4
6801 4.069175991861648E-4
31377 6.103763987792472E-4
27282 2.034587995930824E-4
23191 8.138351983723296E-4
31387 6.103763987792472E-4
15006 6.103763987792472E-4
27295 4.069175991861648E-4
6815 2.034587995930824E-4
23200 4.069175991861648E-4
2724 4.069175991861648E-4
31397 2.034587995930824E-4
27301 2.034587995930824E-4
19110 2.034587995930824E-4
23206 4.069175991861648E-4
6825 2.034587995930824E-4
27308 2.034587995930824E-4
2733 6.103763987792472E-4
15022 8.138351983723296E-4
10928 6.103763987792472E-4
31408 6.103763987792472E-4
27313 4.069175991861648E-4
19121 4.069175991861648E-4
2738 4.069175991861648E-4
10933 2.034587995930824E-4
31414 2.034587995930824E-4
15030 2.034587995930824E-4
2747 2.034587995930824E-4
6844 8.138351983723296E-4
23228 2.034587995930824E-4
19134 4.069175991861648E-4
2751 2.034587995930824E-4
31426 4.069175991861648E-4
27330 4.069175991861648E-4
6854 2.034587995930824E-4
27335 2.034587995930824E-4
15047 2.034587995930824E-4
10952 6.103763987792472E-4
27337 2.034587995930824E-4
23241 2.034587995930824E-4
2761 2.034587995930824E-4
15052 2.034587995930824E-4
19149 4.069175991861648E-4
27349 6.103763987792472E-4
2775 2.034587995930824E-4
23257 8.138351983723296E-4
31450 4.069175991861648E-4
27354 2.034587995930824E-4
6878 2.034587995930824E-4
23262 2.034587995930824E-4
19171 6.103763987792472E-4
19172 2.034587995930824E-4
15076 8.138351983723296E-4
10983 6.103763987792472E-4
6889 2.034587995930824E-4
23273 4.069175991861648E-4
10988 4.069175991861648E-4
27372 4.069175991861648E-4
19181 2.034587995930824E-4
27374 2.034587995930824E-4
31475 4.069175991861648E-4
23285 2.034587995930824E-4
2806 6.103763987792472E-4
11000 6.103763987792472E-4
23292 2.034587995930824E-4
27388 2.034587995930824E-4
6909 4.069175991861648E-4
2815 2.034587995930824E-4
11009 4.069175991861648E-4
31490 8.138351983723296E-4
6914 2.034587995930824E-4
19203 0.001017293997965412
27401 4.069175991861648E-4
15113 2.034587995930824E-4
2827 6.103763987792472E-4
23308 2.034587995930824E-4
6929 2.034587995930824E-4
27410 2.034587995930824E-4
31506 2.034587995930824E-4
19219 2.034587995930824E-4
23316 2.034587995930824E-4
11034 4.069175991861648E-4
15131 2.034587995930824E-4
31516 2.034587995930824E-4
6943 4.069175991861648E-4
23327 6.103763987792472E-4
2848 2.034587995930824E-4
2853 4.069175991861648E-4
6949 2.034587995930824E-4
31526 2.034587995930824E-4
23339 4.069175991861648E-4
6955 2.034587995930824E-4
15151 8.138351983723296E-4
11055 2.034587995930824E-4
2864 2.034587995930824E-4
6962 4.069175991861648E-4
31538 2.034587995930824E-4
2867 2.034587995930824E-4
15158 2.034587995930824E-4
31547 2.034587995930824E-4
19261 0.0012207527975584944
27456 2.034587995930824E-4
2880 4.069175991861648E-4
6976 2.034587995930824E-4
31552 2.034587995930824E-4
15168 2.034587995930824E-4
19264 2.034587995930824E-4
23362 8.138351983723296E-4
23367 2.034587995930824E-4
23371 2.034587995930824E-4
19279 6.103763987792472E-4
11088 2.034587995930824E-4
27473 4.069175991861648E-4
31572 4.069175991861648E-4
27476 2.034587995930824E-4
2901 8.138351983723296E-4
6999 4.069175991861648E-4
27481 2.034587995930824E-4
7002 4.069175991861648E-4
23386 4.069175991861648E-4
31578 2.034587995930824E-4
19292 2.034587995930824E-4
11101 0.001017293997965412
15198 0.0012207527975584944
31583 4.069175991861648E-4
11106 2.034587995930824E-4
2915 6.103763987792472E-4
23395 2.034587995930824E-4
27492 6.103763987792472E-4
11112 2.034587995930824E-4
15210 4.069175991861648E-4
31597 6.103763987792472E-4
19312 2.034587995930824E-4
7026 2.034587995930824E-4
2930 4.069175991861648E-4
27506 4.069175991861648E-4
7030 2.034587995930824E-4
2935 2.034587995930824E-4
11127 2.034587995930824E-4
31608 2.034587995930824E-4
2937 2.034587995930824E-4
15226 2.034587995930824E-4
23423 2.034587995930824E-4
31620 4.069175991861648E-4
27524 2.034587995930824E-4
19333 6.103763987792472E-4
27526 2.034587995930824E-4
2950 4.069175991861648E-4
7049 6.103763987792472E-4
23434 2.034587995930824E-4
19344 2.034587995930824E-4
11153 6.103763987792472E-4
15249 2.034587995930824E-4
19346 2.034587995930824E-4
7059 4.069175991861648E-4
31636 6.103763987792472E-4
11157 2.034587995930824E-4
2965 4.069175991861648E-4
27542 4.069175991861648E-4
2968 4.069175991861648E-4
19354 4.069175991861648E-4
31643 4.069175991861648E-4
15264 4.069175991861648E-4
11170 4.069175991861648E-4
27554 4.069175991861648E-4
2979 6.103763987792472E-4
27556 2.034587995930824E-4
27561 2.034587995930824E-4
7083 4.069175991861648E-4
11182 6.103763987792472E-4
2998 4.069175991861648E-4
11192 2.034587995930824E-4
23481 0.0014242115971515768
3005 2.034587995930824E-4
31677 6.103763987792472E-4
15293 0.001017293997965412
27582 8.138351983723296E-4
23486 2.034587995930824E-4
19395 4.069175991861648E-4
3012 2.034587995930824E-4
7110 6.103763987792472E-4
23495 2.034587995930824E-4
11209 2.034587995930824E-4
31690 4.069175991861648E-4
15308 2.034587995930824E-4
3022 4.069175991861648E-4
23510 2.034587995930824E-4
3032 6.103763987792472E-4
15322 2.034587995930824E-4
11226 2.034587995930824E-4
27611 2.034587995930824E-4
7131 6.103763987792472E-4
31710 6.103763987792472E-4
7134 4.069175991861648E-4
23526 2.034587995930824E-4
27622 6.103763987792472E-4
31721 2.034587995930824E-4
11245 6.103763987792472E-4
3053 2.034587995930824E-4
23535 2.034587995930824E-4
7151 6.103763987792472E-4
27634 2.034587995930824E-4
11251 4.069175991861648E-4
3062 6.103763987792472E-4
15355 0.0014242115971515768
23549 6.103763987792472E-4
7167 4.069175991861648E-4
23552 2.034587995930824E-4
15361 2.034587995930824E-4
31746 6.103763987792472E-4
3074 4.069175991861648E-4
27651 2.034587995930824E-4
7173 2.034587995930824E-4
15369 4.069175991861648E-4
11273 2.034587995930824E-4
3082 2.034587995930824E-4
19467 0.0018311291963377416
15374 2.034587995930824E-4
31759 2.034587995930824E-4
3089 4.069175991861648E-4
27666 2.034587995930824E-4
23571 4.069175991861648E-4
19480 4.069175991861648E-4
23576 4.069175991861648E-4
31773 2.034587995930824E-4
7197 4.069175991861648E-4
27677 4.069175991861648E-4
23586 4.069175991861648E-4
7205 2.034587995930824E-4
15399 4.069175991861648E-4
19502 8.138351983723296E-4
27695 2.034587995930824E-4
3121 0.001017293997965412
15411 2.034587995930824E-4
11318 4.069175991861648E-4
3126 2.034587995930824E-4
31799 2.034587995930824E-4
7224 6.103763987792472E-4
19512 2.034587995930824E-4
15419 4.069175991861648E-4
27708 6.103763987792472E-4
11324 2.034587995930824E-4
23613 8.138351983723296E-4
27710 2.034587995930824E-4
19520 4.069175991861648E-4
3137 8.138351983723296E-4
3139 2.034587995930824E-4
19526 2.034587995930824E-4
3143 2.034587995930824E-4
31815 4.069175991861648E-4
11336 6.103763987792472E-4
7244 6.103763987792472E-4
19532 2.034587995930824E-4
15436 4.069175991861648E-4
3152 2.034587995930824E-4
7249 2.034587995930824E-4
15443 2.034587995930824E-4
3156 2.034587995930824E-4
7253 2.034587995930824E-4
11351 2.034587995930824E-4
27736 6.103763987792472E-4
7262 2.034587995930824E-4
11361 2.034587995930824E-4
23651 8.138351983723296E-4
19557 4.069175991861648E-4
27754 2.034587995930824E-4
31850 4.069175991861648E-4
23658 2.034587995930824E-4
3180 8.138351983723296E-4
31854 2.034587995930824E-4
15474 6.103763987792472E-4
3187 4.069175991861648E-4
7286 8.138351983723296E-4
11384 6.103763987792472E-4
19577 4.069175991861648E-4
23674 2.034587995930824E-4
15482 4.069175991861648E-4
31867 2.034587995930824E-4
3195 2.034587995930824E-4
31871 2.034587995930824E-4
23683 2.034587995930824E-4
15491 2.034587995930824E-4
27780 6.103763987792472E-4
31876 2.034587995930824E-4
11399 4.069175991861648E-4
31881 2.034587995930824E-4
19594 2.034587995930824E-4
15499 6.103763987792472E-4
3214 2.034587995930824E-4
23695 2.034587995930824E-4
23698 2.034587995930824E-4
7316 2.034587995930824E-4
27797 0.001017293997965412
15514 2.034587995930824E-4
11423 0.001017293997965412
31906 6.103763987792472E-4
19619 8.138351983723296E-4
11427 2.034587995930824E-4
3235 4.069175991861648E-4
27813 4.069175991861648E-4
15527 2.034587995930824E-4
3240 2.034587995930824E-4
19628 4.069175991861648E-4
15533 2.034587995930824E-4
7343 6.103763987792472E-4
19631 2.034587995930824E-4
31919 2.034587995930824E-4
15537 2.034587995930824E-4
19635 2.034587995930824E-4
27828 0.001017293997965412
31927 6.103763987792472E-4
27831 2.034587995930824E-4
15545 2.034587995930824E-4
23738 6.103763987792472E-4
27837 2.034587995930824E-4
23742 2.034587995930824E-4
11454 2.034587995930824E-4
27839 2.034587995930824E-4
3264 0.001017293997965412
31937 2.034587995930824E-4
3267 2.034587995930824E-4
27844 4.069175991861648E-4
11464 4.069175991861648E-4
3272 2.034587995930824E-4
7370 6.103763987792472E-4
23757 2.034587995930824E-4
3281 4.069175991861648E-4
15569 4.069175991861648E-4
31953 2.034587995930824E-4
23764 2.034587995930824E-4
7380 2.034587995930824E-4
27863 4.069175991861648E-4
11480 6.103763987792472E-4
31960 2.034587995930824E-4
27864 2.034587995930824E-4
23769 2.034587995930824E-4
15578 4.069175991861648E-4
11483 4.069175991861648E-4
19676 4.069175991861648E-4
27869 2.034587995930824E-4
7392 2.034587995930824E-4
11489 2.034587995930824E-4
19681 2.034587995930824E-4
3298 2.034587995930824E-4
3300 2.034587995930824E-4
7396 2.034587995930824E-4
19684 2.034587995930824E-4
11497 2.034587995930824E-4
23786 2.034587995930824E-4
27883 2.034587995930824E-4
3308 2.034587995930824E-4
19696 4.069175991861648E-4
3314 2.034587995930824E-4
7411 2.034587995930824E-4
31988 8.138351983723296E-4
3318 2.034587995930824E-4
11510 2.034587995930824E-4
23802 2.034587995930824E-4
19707 2.034587995930824E-4
31999 2.034587995930824E-4
7423 2.034587995930824E-4
3329 4.069175991861648E-4
19713 2.034587995930824E-4
23810 2.034587995930824E-4
27906 0.001017293997965412
15618 8.138351983723296E-4
32002 2.034587995930824E-4
3331 2.034587995930824E-4
11528 4.069175991861648E-4
23819 2.034587995930824E-4
19724 2.034587995930824E-4
32013 2.034587995930824E-4
7439 2.034587995930824E-4
3344 6.103763987792472E-4
19729 2.034587995930824E-4
23825 2.034587995930824E-4
15635 8.138351983723296E-4
32019 2.034587995930824E-4
7444 6.103763987792472E-4
3352 6.103763987792472E-4
32024 2.034587995930824E-4
15642 2.034587995930824E-4
7454 2.034587995930824E-4
11553 8.138351983723296E-4
19747 2.034587995930824E-4
3363 2.034587995930824E-4
27940 6.103763987792472E-4
32037 2.034587995930824E-4
11559 2.034587995930824E-4
32042 2.034587995930824E-4
15662 8.138351983723296E-4
27950 2.034587995930824E-4
19760 2.034587995930824E-4
15665 2.034587995930824E-4
3379 8.138351983723296E-4
7477 4.069175991861648E-4
11575 2.034587995930824E-4
23864 6.103763987792472E-4
15672 6.103763987792472E-4
7484 2.034587995930824E-4
27964 2.034587995930824E-4
15678 2.034587995930824E-4
11583 2.034587995930824E-4
32065 2.034587995930824E-4
27969 2.034587995930824E-4
7489 2.034587995930824E-4
19778 4.069175991861648E-4
3397 4.069175991861648E-4
15685 2.034587995930824E-4
7493 2.034587995930824E-4
15689 4.069175991861648E-4
3403 2.034587995930824E-4
27980 2.034587995930824E-4
15692 2.034587995930824E-4
11596 4.069175991861648E-4
23887 2.034587995930824E-4
3409 2.034587995930824E-4
23889 2.034587995930824E-4
32082 0.001017293997965412
3414 2.034587995930824E-4
3415 2.034587995930824E-4
23896 2.034587995930824E-4
15705 2.034587995930824E-4
27993 2.034587995930824E-4
11611 2.034587995930824E-4
19804 8.138351983723296E-4
23900 2.034587995930824E-4
3424 2.034587995930824E-4
28002 8.138351983723296E-4
23908 2.034587995930824E-4
11622 2.034587995930824E-4
32103 4.069175991861648E-4
7530 0.0012207527975584944
15723 4.069175991861648E-4
11628 4.069175991861648E-4
32109 2.034587995930824E-4
28018 4.069175991861648E-4
15730 2.034587995930824E-4
19827 6.103763987792472E-4
7540 4.069175991861648E-4
32124 2.034587995930824E-4
28030 2.034587995930824E-4
28031 2.034587995930824E-4
7551 4.069175991861648E-4
32129 2.034587995930824E-4
11649 2.034587995930824E-4
3461 6.103763987792472E-4
15751 6.103763987792472E-4
7559 2.034587995930824E-4
32136 2.034587995930824E-4
23945 2.034587995930824E-4
32138 2.034587995930824E-4
7563 2.034587995930824E-4
15757 6.103763987792472E-4
23949 2.034587995930824E-4
3473 4.069175991861648E-4
28054 6.103763987792472E-4
19863 2.034587995930824E-4
15767 2.034587995930824E-4
3479 2.034587995930824E-4
32152 2.034587995930824E-4
3482 2.034587995930824E-4
19870 2.034587995930824E-4
23967 2.034587995930824E-4
7585 0.001017293997965412
28066 2.034587995930824E-4
32162 2.034587995930824E-4
11683 2.034587995930824E-4
7593 2.034587995930824E-4
15786 6.103763987792472E-4
23979 4.069175991861648E-4
19884 8.138351983723296E-4
7597 6.103763987792472E-4
7606 4.069175991861648E-4
23993 2.034587995930824E-4
32186 2.034587995930824E-4
15803 6.103763987792472E-4
19900 2.034587995930824E-4
28093 4.069175991861648E-4
11711 6.103763987792472E-4
15807 2.034587995930824E-4
3520 8.138351983723296E-4
7616 2.034587995930824E-4
11717 4.069175991861648E-4
32197 2.034587995930824E-4
3527 2.034587995930824E-4
15823 4.069175991861648E-4
24018 6.103763987792472E-4
28115 4.069175991861648E-4
7638 2.034587995930824E-4
11734 4.069175991861648E-4
3543 2.034587995930824E-4
15831 2.034587995930824E-4
24025 2.034587995930824E-4
28123 2.034587995930824E-4
19932 8.138351983723296E-4
28129 2.034587995930824E-4
11745 6.103763987792472E-4
32226 4.069175991861648E-4
3556 2.034587995930824E-4
32229 2.034587995930824E-4
15851 2.034587995930824E-4
24045 4.069175991861648E-4
32239 8.138351983723296E-4
19952 2.034587995930824E-4
15856 4.069175991861648E-4
15858 2.034587995930824E-4
28147 4.069175991861648E-4
3574 0.001017293997965412
11770 4.069175991861648E-4
19966 6.103763987792472E-4
3582 2.034587995930824E-4
7680 0.0012207527975584944
3584 2.034587995930824E-4
15876 4.069175991861648E-4
24069 6.103763987792472E-4
7685 2.034587995930824E-4
11782 6.103763987792472E-4
28166 4.069175991861648E-4
32266 8.138351983723296E-4
11790 6.103763987792472E-4
3604 2.034587995930824E-4
28181 2.034587995930824E-4
11800 4.069175991861648E-4
32281 2.034587995930824E-4
28186 2.034587995930824E-4
11807 2.034587995930824E-4
24095 2.034587995930824E-4
15905 0.0012207527975584944
24099 4.069175991861648E-4
3621 4.069175991861648E-4
15912 2.034587995930824E-4
20009 4.069175991861648E-4
28202 2.034587995930824E-4
24110 2.034587995930824E-4
3633 2.034587995930824E-4
11825 2.034587995930824E-4
15923 2.034587995930824E-4
32309 8.138351983723296E-4
20025 4.069175991861648E-4
7739 6.103763987792472E-4
3644 2.034587995930824E-4
7742 2.034587995930824E-4
24128 6.103763987792472E-4
11840 2.034587995930824E-4
15937 4.069175991861648E-4
3649 2.034587995930824E-4
32323 2.034587995930824E-4
7747 2.034587995930824E-4
28229 2.034587995930824E-4
3653 2.034587995930824E-4
20038 2.034587995930824E-4
32331 2.034587995930824E-4
32336 2.034587995930824E-4
3667 2.034587995930824E-4
32341 4.069175991861648E-4
7765 2.034587995930824E-4
28246 2.034587995930824E-4
11862 2.034587995930824E-4
15959 6.103763987792472E-4
28250 2.034587995930824E-4
15964 2.034587995930824E-4
24161 6.103763987792472E-4
20068 0.0012207527975584944
3684 2.034587995930824E-4
28261 2.034587995930824E-4
32357 2.034587995930824E-4
24166 2.034587995930824E-4
11881 4.069175991861648E-4
3692 2.034587995930824E-4
32365 4.069175991861648E-4
11886 2.034587995930824E-4
15982 2.034587995930824E-4
3696 2.034587995930824E-4
20084 2.034587995930824E-4
15992 2.034587995930824E-4
7801 0.0014242115971515768
28281 4.069175991861648E-4
3708 2.034587995930824E-4
24189 6.103763987792472E-4
20095 2.034587995930824E-4
16004 2.034587995930824E-4
28294 2.034587995930824E-4
3719 2.034587995930824E-4
32395 6.103763987792472E-4
3723 2.034587995930824E-4
20110 2.034587995930824E-4
3729 2.034587995930824E-4
16018 6.103763987792472E-4
11922 0.001017293997965412
24210 2.034587995930824E-4
7828 6.103763987792472E-4
16020 2.034587995930824E-4
28308 2.034587995930824E-4
11925 2.034587995930824E-4
32407 4.069175991861648E-4
20122 2.034587995930824E-4
20126 2.034587995930824E-4
16032 2.034587995930824E-4
7843 4.069175991861648E-4
28325 6.103763987792472E-4
3750 6.103763987792472E-4
24232 8.138351983723296E-4
32426 2.034587995930824E-4
7851 2.034587995930824E-4
20140 4.069175991861648E-4
3757 2.034587995930824E-4
16046 8.138351983723296E-4
32432 2.034587995930824E-4
28338 6.103763987792472E-4
20148 2.034587995930824E-4
3766 6.103763987792472E-4
28342 2.034587995930824E-4
16056 2.034587995930824E-4
11961 2.034587995930824E-4
7866 2.034587995930824E-4
28350 2.034587995930824E-4
11967 2.034587995930824E-4
7875 4.069175991861648E-4
24260 6.103763987792472E-4
28358 2.034587995930824E-4
3782 2.034587995930824E-4
24269 2.034587995930824E-4
11983 0.0012207527975584944
7889 2.034587995930824E-4
3794 2.034587995930824E-4
32467 8.138351983723296E-4
11988 4.069175991861648E-4
28374 2.034587995930824E-4
24279 4.069175991861648E-4
28379 2.034587995930824E-4
20190 8.138351983723296E-4
16095 6.103763987792472E-4
32481 2.034587995930824E-4
3809 2.034587995930824E-4
20199 2.034587995930824E-4
7917 4.069175991861648E-4
28398 4.069175991861648E-4
12014 2.034587995930824E-4
24304 2.034587995930824E-4
20210 4.069175991861648E-4
32499 2.034587995930824E-4
7923 2.034587995930824E-4
3828 2.034587995930824E-4
16117 0.001017293997965412
12023 2.034587995930824E-4
7929 2.034587995930824E-4
32508 2.034587995930824E-4
3838 2.034587995930824E-4
12032 2.034587995930824E-4
20225 4.069175991861648E-4
28420 8.138351983723296E-4
16133 8.138351983723296E-4
3846 4.069175991861648E-4
16137 2.034587995930824E-4
12043 2.034587995930824E-4
20236 4.069175991861648E-4
24332 2.034587995930824E-4
16145 2.034587995930824E-4
12049 2.034587995930824E-4
24338 2.034587995930824E-4
28435 4.069175991861648E-4
3859 4.069175991861648E-4
12051 2.034587995930824E-4
7956 6.103763987792472E-4
32532 6.103763987792472E-4
24341 2.034587995930824E-4
16151 2.034587995930824E-4
32537 2.034587995930824E-4
12059 2.034587995930824E-4
3868 4.069175991861648E-4
28446 2.034587995930824E-4
20256 8.138351983723296E-4
16160 2.034587995930824E-4
16161 2.034587995930824E-4
12065 2.034587995930824E-4
7973 6.103763987792472E-4
16168 2.034587995930824E-4
24361 6.103763987792472E-4
28460 6.103763987792472E-4
32557 2.034587995930824E-4
24367 2.034587995930824E-4
3888 6.103763987792472E-4
28466 2.034587995930824E-4
20274 2.034587995930824E-4
12084 2.034587995930824E-4
28472 2.034587995930824E-4
12090 2.034587995930824E-4
7996 4.069175991861648E-4
20284 2.034587995930824E-4
16190 4.069175991861648E-4
3902 2.034587995930824E-4
24384 2.034587995930824E-4
20290 2.034587995930824E-4
3910 2.034587995930824E-4
32584 4.069175991861648E-4
24393 4.069175991861648E-4
16202 4.069175991861648E-4
20300 2.034587995930824E-4
16206 2.034587995930824E-4
16212 2.034587995930824E-4
3924 2.034587995930824E-4
8020 2.034587995930824E-4
28501 0.0012207527975584944
32597 4.069175991861648E-4
8024 2.034587995930824E-4
24409 6.103763987792472E-4
3929 2.034587995930824E-4
28509 2.034587995930824E-4
8030 2.034587995930824E-4
28511 4.069175991861648E-4
28514 2.034587995930824E-4
3939 4.069175991861648E-4
32613 4.069175991861648E-4
12138 0.001017293997965412
24426 2.034587995930824E-4
20331 4.069175991861648E-4
32621 2.034587995930824E-4
16238 0.001017293997965412
28527 4.069175991861648E-4
8053 4.069175991861648E-4
32630 2.034587995930824E-4
16250 4.069175991861648E-4
28540 2.034587995930824E-4
3966 4.069175991861648E-4
24446 6.103763987792472E-4
28542 2.034587995930824E-4
32641 4.069175991861648E-4
8066 2.034587995930824E-4
3972 2.034587995930824E-4
16261 6.103763987792472E-4
12166 4.069175991861648E-4
20359 6.103763987792472E-4
32651 6.103763987792472E-4
24459 6.103763987792472E-4
28555 2.034587995930824E-4
3982 2.034587995930824E-4
12175 2.034587995930824E-4
24463 2.034587995930824E-4
16274 2.034587995930824E-4
20371 2.034587995930824E-4
28564 2.034587995930824E-4
8086 6.103763987792472E-4
20376 2.034587995930824E-4
12185 6.103763987792472E-4
16281 2.034587995930824E-4
3993 2.034587995930824E-4
32666 2.034587995930824E-4
24475 6.103763987792472E-4
28571 4.069175991861648E-4
4001 2.034587995930824E-4
4006 2.034587995930824E-4
20392 6.103763987792472E-4
24489 2.034587995930824E-4
8107 4.069175991861648E-4
28588 2.034587995930824E-4
12204 6.103763987792472E-4
16302 4.069175991861648E-4
32686 2.034587995930824E-4
32687 2.034587995930824E-4
8113 2.034587995930824E-4
12212 2.034587995930824E-4
4025 2.034587995930824E-4
8123 6.103763987792472E-4
28603 4.069175991861648E-4
4027 2.034587995930824E-4
24510 6.103763987792472E-4
20416 4.069175991861648E-4
28610 2.034587995930824E-4
12228 4.069175991861648E-4
28613 2.034587995930824E-4
16327 6.103763987792472E-4
12234 2.034587995930824E-4
32715 6.103763987792472E-4
4043 2.034587995930824E-4
16332 2.034587995930824E-4
8141 2.034587995930824E-4
24525 2.034587995930824E-4
12244 4.069175991861648E-4
32725 2.034587995930824E-4
20439 4.069175991861648E-4
8154 4.069175991861648E-4
12250 2.034587995930824E-4
8155 2.034587995930824E-4
20449 6.103763987792472E-4
4066 8.138351983723296E-4
16355 0.001017293997965412
24547 2.034587995930824E-4
20454 2.034587995930824E-4
8168 4.069175991861648E-4
28651 0.001017293997965412
8177 2.034587995930824E-4
24563 4.069175991861648E-4
20467 2.034587995930824E-4
8180 2.034587995930824E-4
12276 2.034587995930824E-4
8182 2.034587995930824E-4
32758 0.001017293997965412
16374 4.069175991861648E-4
28662 4.069175991861648E-4
4094 6.103763987792472E-4
