0 0.1559051420521249
4097 2.3479690068091102E-4
2 4.6959380136182204E-4
4102 4.6959380136182204E-4
8198 4.6959380136182204E-4
24585 4.6959380136182204E-4
11 4.6959380136182204E-4
12301 2.3479690068091102E-4
4113 2.3479690068091102E-4
20498 9.391876027236441E-4
16402 9.391876027236441E-4
12308 2.3479690068091102E-4
28693 9.391876027236441E-4
8216 2.3479690068091102E-4
26 4.6959380136182204E-4
28698 2.3479690068091102E-4
16418 2.3479690068091102E-4
28708 2.3479690068091102E-4
36 2.3479690068091102E-4
4133 4.6959380136182204E-4
12326 7.04390702042733E-4
24614 9.391876027236441E-4
16423 2.3479690068091102E-4
20520 7.04390702042733E-4
44 2.3479690068091102E-4
4141 2.3479690068091102E-4
47 2.3479690068091102E-4
20528 2.3479690068091102E-4
12337 2.3479690068091102E-4
16437 2.3479690068091102E-4
28726 4.6959380136182204E-4
8247 2.3479690068091102E-4
4152 2.3479690068091102E-4
24638 2.3479690068091102E-4
4161 2.3479690068091102E-4
20547 7.04390702042733E-4
67 7.04390702042733E-4
12357 9.391876027236441E-4
16457 4.6959380136182204E-4
28748 4.6959380136182204E-4
24652 7.04390702042733E-4
8270 4.6959380136182204E-4
4175 2.3479690068091102E-4
20563 2.3479690068091102E-4
16469 4.6959380136182204E-4
12374 4.6959380136182204E-4
28759 4.6959380136182204E-4
24665 2.3479690068091102E-4
90 2.3479690068091102E-4
16478 2.3479690068091102E-4
12388 4.6959380136182204E-4
28776 4.6959380136182204E-4
24681 4.6959380136182204E-4
16491 7.04390702042733E-4
4207 4.6959380136182204E-4
24689 2.3479690068091102E-4
12402 2.3479690068091102E-4
115 2.3479690068091102E-4
16500 4.6959380136182204E-4
123 7.04390702042733E-4
20604 0.001408781404085466
8317 7.04390702042733E-4
4223 7.04390702042733E-4
16511 4.6959380136182204E-4
28800 7.04390702042733E-4
12418 2.3479690068091102E-4
16519 2.3479690068091102E-4
20615 4.6959380136182204E-4
137 4.6959380136182204E-4
12426 4.6959380136182204E-4
4234 2.3479690068091102E-4
8334 7.04390702042733E-4
20627 2.3479690068091102E-4
24723 2.3479690068091102E-4
28822 4.6959380136182204E-4
8342 2.3479690068091102E-4
16534 2.3479690068091102E-4
152 2.3479690068091102E-4
16542 2.3479690068091102E-4
20639 2.3479690068091102E-4
8352 4.6959380136182204E-4
4256 7.04390702042733E-4
24746 7.04390702042733E-4
12458 2.3479690068091102E-4
171 2.3479690068091102E-4
28845 0.0011739845034045551
4270 4.6959380136182204E-4
176 4.6959380136182204E-4
20657 4.6959380136182204E-4
24753 2.3479690068091102E-4
16574 2.3479690068091102E-4
4286 7.04390702042733E-4
8385 2.3479690068091102E-4
24771 7.04390702042733E-4
12486 0.0011739845034045551
28872 2.3479690068091102E-4
202 7.04390702042733E-4
28877 2.3479690068091102E-4
16590 9.391876027236441E-4
4302 2.3479690068091102E-4
209 2.3479690068091102E-4
4307 4.6959380136182204E-4
8404 4.6959380136182204E-4
20694 9.391876027236441E-4
28888 2.3479690068091102E-4
219 2.3479690068091102E-4
12511 7.04390702042733E-4
16610 9.391876027236441E-4
24802 4.6959380136182204E-4
228 2.3479690068091102E-4
20709 4.6959380136182204E-4
4329 4.6959380136182204E-4
12527 4.6959380136182204E-4
24818 4.6959380136182204E-4
8444 0.001643578304766377
16638 9.391876027236441E-4
4352 4.6959380136182204E-4
8449 2.3479690068091102E-4
12549 2.3479690068091102E-4
20741 2.3479690068091102E-4
263 2.3479690068091102E-4
4360 2.3479690068091102E-4
28940 0.001408781404085466
16652 4.6959380136182204E-4
24847 2.3479690068091102E-4
8463 2.3479690068091102E-4
16659 2.3479690068091102E-4
20756 2.3479690068091102E-4
12565 4.6959380136182204E-4
8473 2.3479690068091102E-4
283 2.3479690068091102E-4
16668 2.3479690068091102E-4
4381 2.3479690068091102E-4
8480 4.6959380136182204E-4
12576 2.3479690068091102E-4
288 2.3479690068091102E-4
24865 2.3479690068091102E-4
292 2.3479690068091102E-4
4390 4.6959380136182204E-4
28967 9.391876027236441E-4
24871 2.3479690068091102E-4
302 7.04390702042733E-4
16687 7.04390702042733E-4
24879 4.6959380136182204E-4
4401 7.04390702042733E-4
24883 2.3479690068091102E-4
12597 2.3479690068091102E-4
8507 4.6959380136182204E-4
317 4.6959380136182204E-4
4415 4.6959380136182204E-4
319 2.3479690068091102E-4
28993 7.04390702042733E-4
8515 2.3479690068091102E-4
8522 4.6959380136182204E-4
29003 2.3479690068091102E-4
20818 7.04390702042733E-4
338 2.3479690068091102E-4
16723 4.6959380136182204E-4
8532 2.3479690068091102E-4
24924 0.001408781404085466
4445 7.04390702042733E-4
20830 2.3479690068091102E-4
24927 2.3479690068091102E-4
4449 4.6959380136182204E-4
353 2.3479690068091102E-4
8547 7.04390702042733E-4
29028 0.0011739845034045551
12649 0.0011739845034045551
16746 0.0011739845034045551
24940 2.3479690068091102E-4
29039 2.3479690068091102E-4
20852 4.6959380136182204E-4
20856 2.3479690068091102E-4
16762 2.3479690068091102E-4
8570 2.3479690068091102E-4
12667 2.3479690068091102E-4
380 4.6959380136182204E-4
20860 2.3479690068091102E-4
4477 7.04390702042733E-4
24958 4.6959380136182204E-4
8574 4.6959380136182204E-4
16773 4.6959380136182204E-4
20871 4.6959380136182204E-4
29066 7.04390702042733E-4
395 2.3479690068091102E-4
4492 7.04390702042733E-4
8589 2.3479690068091102E-4
29074 2.3479690068091102E-4
20884 2.3479690068091102E-4
24981 2.3479690068091102E-4
8600 2.3479690068091102E-4
12697 4.6959380136182204E-4
411 2.3479690068091102E-4
8604 4.6959380136182204E-4
20896 2.3479690068091102E-4
29093 2.3479690068091102E-4
12710 2.3479690068091102E-4
16809 9.391876027236441E-4
12715 4.6959380136182204E-4
4529 4.6959380136182204E-4
434 9.391876027236441E-4
4533 2.3479690068091102E-4
438 2.3479690068091102E-4
29110 2.3479690068091102E-4
4536 2.3479690068091102E-4
29116 4.6959380136182204E-4
20927 2.3479690068091102E-4
8640 9.391876027236441E-4
12738 4.6959380136182204E-4
16835 7.04390702042733E-4
8645 2.3479690068091102E-4
454 2.3479690068091102E-4
25032 9.391876027236441E-4
8648 4.6959380136182204E-4
20938 4.6959380136182204E-4
16851 4.6959380136182204E-4
468 2.3479690068091102E-4
29140 2.3479690068091102E-4
12757 9.391876027236441E-4
20950 4.6959380136182204E-4
4567 2.3479690068091102E-4
25048 2.3479690068091102E-4
29145 2.3479690068091102E-4
4571 2.3479690068091102E-4
25060 2.3479690068091102E-4
8677 7.04390702042733E-4
485 2.3479690068091102E-4
29161 2.3479690068091102E-4
12778 0.0011739845034045551
20974 7.04390702042733E-4
29166 2.3479690068091102E-4
498 2.3479690068091102E-4
4596 2.3479690068091102E-4
20982 2.3479690068091102E-4
4598 2.3479690068091102E-4
16892 7.04390702042733E-4
8701 7.04390702042733E-4
4605 2.3479690068091102E-4
20989 2.3479690068091102E-4
25087 9.391876027236441E-4
16898 2.3479690068091102E-4
29190 7.04390702042733E-4
12806 0.001643578304766377
25099 2.3479690068091102E-4
526 7.04390702042733E-4
8718 4.6959380136182204E-4
4623 2.3479690068091102E-4
25109 2.3479690068091102E-4
8727 2.3479690068091102E-4
16920 2.3479690068091102E-4
4636 2.3479690068091102E-4
8735 2.3479690068091102E-4
21025 2.3479690068091102E-4
12835 7.04390702042733E-4
29219 2.3479690068091102E-4
547 2.3479690068091102E-4
16933 2.3479690068091102E-4
8741 2.3479690068091102E-4
12840 2.3479690068091102E-4
8746 2.3479690068091102E-4
29226 2.3479690068091102E-4
560 4.6959380136182204E-4
21048 2.3479690068091102E-4
4666 2.3479690068091102E-4
25152 9.391876027236441E-4
8769 2.3479690068091102E-4
12867 7.04390702042733E-4
21059 2.3479690068091102E-4
4677 2.3479690068091102E-4
584 4.6959380136182204E-4
12872 2.3479690068091102E-4
16971 0.001408781404085466
588 2.3479690068091102E-4
8782 2.3479690068091102E-4
12880 2.3479690068091102E-4
29266 4.6959380136182204E-4
4690 2.3479690068091102E-4
596 2.3479690068091102E-4
21078 9.391876027236441E-4
25175 2.3479690068091102E-4
16984 2.3479690068091102E-4
29272 2.3479690068091102E-4
29278 2.3479690068091102E-4
21087 2.3479690068091102E-4
16992 2.3479690068091102E-4
29280 2.3479690068091102E-4
29281 2.3479690068091102E-4
4708 7.04390702042733E-4
613 7.04390702042733E-4
29286 7.04390702042733E-4
25190 2.3479690068091102E-4
4710 2.3479690068091102E-4
21096 2.3479690068091102E-4
29289 2.3479690068091102E-4
8809 7.04390702042733E-4
25194 2.3479690068091102E-4
12914 9.391876027236441E-4
29301 4.6959380136182204E-4
12920 2.3479690068091102E-4
8824 2.3479690068091102E-4
25213 4.6959380136182204E-4
8829 4.6959380136182204E-4
639 7.04390702042733E-4
21120 4.6959380136182204E-4
29316 2.3479690068091102E-4
21128 2.3479690068091102E-4
649 7.04390702042733E-4
29322 7.04390702042733E-4
17035 4.6959380136182204E-4
4748 7.04390702042733E-4
21132 4.6959380136182204E-4
8849 7.04390702042733E-4
25233 4.6959380136182204E-4
4757 7.04390702042733E-4
29334 4.6959380136182204E-4
29338 7.04390702042733E-4
668 4.6959380136182204E-4
17056 2.3479690068091102E-4
674 2.3479690068091102E-4
29349 4.6959380136182204E-4
8874 9.391876027236441E-4
17067 2.3479690068091102E-4
21164 7.04390702042733E-4
684 2.3479690068091102E-4
25277 9.391876027236441E-4
709 4.6959380136182204E-4
4805 0.001408781404085466
21189 4.6959380136182204E-4
29385 0.0011739845034045551
17100 7.04390702042733E-4
13004 9.391876027236441E-4
4817 4.6959380136182204E-4
29393 2.3479690068091102E-4
13011 2.3479690068091102E-4
21204 7.04390702042733E-4
17113 2.3479690068091102E-4
4825 2.3479690068091102E-4
731 2.3479690068091102E-4
8925 2.3479690068091102E-4
29406 2.3479690068091102E-4
4832 2.3479690068091102E-4
21217 4.6959380136182204E-4
25314 9.391876027236441E-4
17123 2.3479690068091102E-4
29412 2.3479690068091102E-4
13030 2.3479690068091102E-4
29415 2.3479690068091102E-4
745 2.3479690068091102E-4
29418 2.3479690068091102E-4
4842 2.3479690068091102E-4
21232 4.6959380136182204E-4
4849 4.6959380136182204E-4
8947 2.3479690068091102E-4
13043 4.6959380136182204E-4
17144 4.6959380136182204E-4
764 4.6959380136182204E-4
8958 2.3479690068091102E-4
25343 4.6959380136182204E-4
13061 2.3479690068091102E-4
17157 2.3479690068091102E-4
775 2.3479690068091102E-4
4871 2.3479690068091102E-4
29450 2.3479690068091102E-4
8971 4.6959380136182204E-4
17164 2.3479690068091102E-4
781 2.3479690068091102E-4
13069 4.6959380136182204E-4
4878 2.3479690068091102E-4
21262 2.3479690068091102E-4
786 2.3479690068091102E-4
25363 7.04390702042733E-4
13077 2.3479690068091102E-4
8982 2.3479690068091102E-4
21271 7.04390702042733E-4
8984 2.3479690068091102E-4
17178 2.3479690068091102E-4
25370 4.6959380136182204E-4
797 2.3479690068091102E-4
8989 2.3479690068091102E-4
25374 2.3479690068091102E-4
4894 2.3479690068091102E-4
29475 2.3479690068091102E-4
25383 2.3479690068091102E-4
8999 2.3479690068091102E-4
4903 2.3479690068091102E-4
17194 2.3479690068091102E-4
813 4.6959380136182204E-4
21295 4.6959380136182204E-4
815 4.6959380136182204E-4
9007 2.3479690068091102E-4
17202 2.3479690068091102E-4
4918 4.6959380136182204E-4
17207 2.3479690068091102E-4
29499 2.3479690068091102E-4
4923 2.3479690068091102E-4
830 4.6959380136182204E-4
9026 4.6959380136182204E-4
25411 4.6959380136182204E-4
4932 2.3479690068091102E-4
837 4.6959380136182204E-4
13126 7.04390702042733E-4
9032 4.6959380136182204E-4
21321 4.6959380136182204E-4
848 2.3479690068091102E-4
13136 4.6959380136182204E-4
4949 4.6959380136182204E-4
13143 2.3479690068091102E-4
25432 4.6959380136182204E-4
17240 2.3479690068091102E-4
9051 2.3479690068091102E-4
29533 7.04390702042733E-4
13150 2.3479690068091102E-4
9056 2.3479690068091102E-4
867 2.3479690068091102E-4
4964 9.391876027236441E-4
9060 2.3479690068091102E-4
25446 4.6959380136182204E-4
871 2.3479690068091102E-4
21352 9.391876027236441E-4
4968 2.3479690068091102E-4
17257 2.3479690068091102E-4
13167 2.3479690068091102E-4
13170 2.3479690068091102E-4
13180 2.3479690068091102E-4
4988 2.3479690068091102E-4
9085 2.3479690068091102E-4
25471 0.0011739845034045551
21380 9.391876027236441E-4
29572 2.3479690068091102E-4
4998 2.3479690068091102E-4
25480 4.6959380136182204E-4
21389 4.6959380136182204E-4
9102 2.3479690068091102E-4
13199 2.3479690068091102E-4
29588 7.04390702042733E-4
916 7.04390702042733E-4
13207 2.3479690068091102E-4
17304 4.6959380136182204E-4
5021 4.6959380136182204E-4
9121 2.3479690068091102E-4
29602 2.3479690068091102E-4
25506 2.3479690068091102E-4
17317 4.6959380136182204E-4
21414 9.391876027236441E-4
17323 2.3479690068091102E-4
29612 4.6959380136182204E-4
13231 7.04390702042733E-4
17327 2.3479690068091102E-4
945 9.391876027236441E-4
21430 4.6959380136182204E-4
13238 2.3479690068091102E-4
9142 2.3479690068091102E-4
29624 4.6959380136182204E-4
25529 4.6959380136182204E-4
5049 2.3479690068091102E-4
13241 2.3479690068091102E-4
9149 2.3479690068091102E-4
17346 2.3479690068091102E-4
9155 2.3479690068091102E-4
29637 2.3479690068091102E-4
5062 4.6959380136182204E-4
25543 7.04390702042733E-4
968 2.3479690068091102E-4
13257 2.3479690068091102E-4
5068 2.3479690068091102E-4
17358 4.6959380136182204E-4
21462 0.0011739845034045551
25558 2.3479690068091102E-4
5080 4.6959380136182204E-4
29658 7.04390702042733E-4
13274 2.3479690068091102E-4
17370 2.3479690068091102E-4
17375 2.3479690068091102E-4
13280 2.3479690068091102E-4
994 7.04390702042733E-4
21478 4.6959380136182204E-4
998 2.3479690068091102E-4
25578 7.04390702042733E-4
5101 2.3479690068091102E-4
13295 4.6959380136182204E-4
9203 7.04390702042733E-4
1011 4.6959380136182204E-4
21494 2.3479690068091102E-4
17405 2.3479690068091102E-4
25598 2.3479690068091102E-4
9215 4.6959380136182204E-4
13311 4.6959380136182204E-4
5120 2.3479690068091102E-4
29697 0.0011739845034045551
1026 4.6959380136182204E-4
21511 2.3479690068091102E-4
13321 7.04390702042733E-4
5130 2.3479690068091102E-4
9232 4.6959380136182204E-4
5136 2.3479690068091102E-4
1044 4.6959380136182204E-4
13336 2.3479690068091102E-4
5144 2.3479690068091102E-4
25625 7.04390702042733E-4
29721 0.0011739845034045551
13341 2.3479690068091102E-4
21534 2.3479690068091102E-4
5151 2.3479690068091102E-4
17440 7.04390702042733E-4
9248 2.3479690068091102E-4
1060 2.3479690068091102E-4
29735 2.3479690068091102E-4
17448 2.3479690068091102E-4
1064 2.3479690068091102E-4
29737 2.3479690068091102E-4
13354 2.3479690068091102E-4
21553 7.04390702042733E-4
25649 2.3479690068091102E-4
5171 2.3479690068091102E-4
1076 2.3479690068091102E-4
21558 2.3479690068091102E-4
5178 2.3479690068091102E-4
1083 4.6959380136182204E-4
9276 2.3479690068091102E-4
17470 4.6959380136182204E-4
29759 4.6959380136182204E-4
13379 4.6959380136182204E-4
25669 2.3479690068091102E-4
21577 4.6959380136182204E-4
5195 4.6959380136182204E-4
9291 4.6959380136182204E-4
29771 2.3479690068091102E-4
25677 4.6959380136182204E-4
13390 2.3479690068091102E-4
29778 2.3479690068091102E-4
1109 0.0011739845034045551
21590 2.3479690068091102E-4
9303 4.6959380136182204E-4
5209 4.6959380136182204E-4
9309 4.6959380136182204E-4
1117 2.3479690068091102E-4
25695 2.3479690068091102E-4
13408 9.391876027236441E-4
17504 2.3479690068091102E-4
29795 2.3479690068091102E-4
1127 7.04390702042733E-4
25703 2.3479690068091102E-4
21607 2.3479690068091102E-4
5223 2.3479690068091102E-4
29805 4.6959380136182204E-4
5230 4.6959380136182204E-4
1137 2.3479690068091102E-4
13426 2.3479690068091102E-4
21623 2.3479690068091102E-4
9338 9.391876027236441E-4
5245 2.3479690068091102E-4
25727 2.3479690068091102E-4
17538 7.04390702042733E-4
5251 2.3479690068091102E-4
1158 4.6959380136182204E-4
9350 2.3479690068091102E-4
13449 9.391876027236441E-4
1161 2.3479690068091102E-4
1162 2.3479690068091102E-4
21643 2.3479690068091102E-4
25745 7.04390702042733E-4
1171 2.3479690068091102E-4
13460 4.6959380136182204E-4
9364 2.3479690068091102E-4
29845 0.0011739845034045551
5269 4.6959380136182204E-4
17559 2.3479690068091102E-4
13465 2.3479690068091102E-4
29850 2.3479690068091102E-4
25755 2.3479690068091102E-4
5276 2.3479690068091102E-4
21661 4.6959380136182204E-4
9374 2.3479690068091102E-4
17567 2.3479690068091102E-4
21663 2.3479690068091102E-4
1185 4.6959380136182204E-4
29857 2.3479690068091102E-4
25762 4.6959380136182204E-4
1187 2.3479690068091102E-4
5283 2.3479690068091102E-4
29860 2.3479690068091102E-4
17574 2.3479690068091102E-4
13479 2.3479690068091102E-4
25770 2.3479690068091102E-4
9387 4.6959380136182204E-4
29869 7.04390702042733E-4
13487 4.6959380136182204E-4
17587 4.6959380136182204E-4
1206 4.6959380136182204E-4
9405 4.6959380136182204E-4
13507 4.6959380136182204E-4
9413 9.391876027236441E-4
21701 4.6959380136182204E-4
5324 7.04390702042733E-4
25804 7.04390702042733E-4
9422 4.6959380136182204E-4
17615 2.3479690068091102E-4
21713 2.3479690068091102E-4
1237 7.04390702042733E-4
25814 2.3479690068091102E-4
9431 2.3479690068091102E-4
29914 9.391876027236441E-4
1244 4.6959380136182204E-4
13533 7.04390702042733E-4
9437 2.3479690068091102E-4
25825 2.3479690068091102E-4
1252 2.3479690068091102E-4
21734 7.04390702042733E-4
25833 4.6959380136182204E-4
29929 4.6959380136182204E-4
5356 2.3479690068091102E-4
13549 4.6959380136182204E-4
25837 2.3479690068091102E-4
13558 2.3479690068091102E-4
21750 4.6959380136182204E-4
29942 2.3479690068091102E-4
1272 2.3479690068091102E-4
17658 9.391876027236441E-4
5370 2.3479690068091102E-4
29948 2.3479690068091102E-4
13569 7.04390702042733E-4
17665 2.3479690068091102E-4
25859 4.6959380136182204E-4
1287 4.6959380136182204E-4
21767 4.6959380136182204E-4
17671 4.6959380136182204E-4
29963 4.6959380136182204E-4
5387 2.3479690068091102E-4
13581 2.3479690068091102E-4
17678 7.04390702042733E-4
21775 2.3479690068091102E-4
1295 2.3479690068091102E-4
9488 7.04390702042733E-4
25872 4.6959380136182204E-4
29970 4.6959380136182204E-4
17685 4.6959380136182204E-4
5402 4.6959380136182204E-4
9501 2.3479690068091102E-4
13600 4.6959380136182204E-4
17697 7.04390702042733E-4
21794 2.3479690068091102E-4
29988 2.3479690068091102E-4
5415 9.391876027236441E-4
17703 4.6959380136182204E-4
17705 2.3479690068091102E-4
29998 2.3479690068091102E-4
13616 7.04390702042733E-4
1328 0.001408781404085466
9520 2.3479690068091102E-4
25910 4.6959380136182204E-4
5432 4.6959380136182204E-4
17721 4.6959380136182204E-4
5437 2.3479690068091102E-4
21822 4.6959380136182204E-4
1345 4.6959380136182204E-4
13633 7.04390702042733E-4
5441 2.3479690068091102E-4
1347 2.3479690068091102E-4
21831 2.3479690068091102E-4
9549 9.391876027236441E-4
17742 2.3479690068091102E-4
21846 4.6959380136182204E-4
25944 9.391876027236441E-4
30041 9.391876027236441E-4
5465 9.391876027236441E-4
1370 4.6959380136182204E-4
13663 2.3479690068091102E-4
1376 4.6959380136182204E-4
13665 4.6959380136182204E-4
30049 4.6959380136182204E-4
9569 2.3479690068091102E-4
25955 2.3479690068091102E-4
25964 4.6959380136182204E-4
9586 4.6959380136182204E-4
1395 2.3479690068091102E-4
30068 2.3479690068091102E-4
17782 0.0011739845034045551
1399 2.3479690068091102E-4
1406 2.3479690068091102E-4
13695 0.0011739845034045551
25988 9.391876027236441E-4
9605 2.3479690068091102E-4
1414 2.3479690068091102E-4
17799 7.04390702042733E-4
21896 9.391876027236441E-4
30089 2.3479690068091102E-4
5516 9.391876027236441E-4
25996 2.3479690068091102E-4
13710 2.3479690068091102E-4
21905 2.3479690068091102E-4
17812 2.3479690068091102E-4
30100 2.3479690068091102E-4
9623 2.3479690068091102E-4
30104 2.3479690068091102E-4
26008 2.3479690068091102E-4
1432 4.6959380136182204E-4
17818 2.3479690068091102E-4
9626 2.3479690068091102E-4
21916 2.3479690068091102E-4
5535 4.6959380136182204E-4
1439 2.3479690068091102E-4
26020 2.3479690068091102E-4
1445 2.3479690068091102E-4
13735 2.3479690068091102E-4
5546 2.3479690068091102E-4
17838 7.04390702042733E-4
1458 4.6959380136182204E-4
30130 4.6959380136182204E-4
21939 4.6959380136182204E-4
5557 2.3479690068091102E-4
17846 2.3479690068091102E-4
13752 9.391876027236441E-4
9660 9.391876027236441E-4
17853 4.6959380136182204E-4
1470 2.3479690068091102E-4
9666 2.3479690068091102E-4
13764 2.3479690068091102E-4
30148 7.04390702042733E-4
1478 2.3479690068091102E-4
13768 2.3479690068091102E-4
21963 4.6959380136182204E-4
9675 2.3479690068091102E-4
26061 2.3479690068091102E-4
5582 2.3479690068091102E-4
13774 2.3479690068091102E-4
30160 2.3479690068091102E-4
17874 7.04390702042733E-4
1490 2.3479690068091102E-4
26072 4.6959380136182204E-4
21976 2.3479690068091102E-4
30173 9.391876027236441E-4
5599 2.3479690068091102E-4
26084 2.3479690068091102E-4
13797 9.391876027236441E-4
5605 2.3479690068091102E-4
1512 2.3479690068091102E-4
30188 2.3479690068091102E-4
9709 7.04390702042733E-4
26093 4.6959380136182204E-4
5613 2.3479690068091102E-4
17905 2.3479690068091102E-4
1526 2.3479690068091102E-4
26102 2.3479690068091102E-4
17917 7.04390702042733E-4
1533 2.3479690068091102E-4
5629 2.3479690068091102E-4
22015 9.391876027236441E-4
30210 0.0011739845034045551
13827 2.3479690068091102E-4
5636 2.3479690068091102E-4
1543 4.6959380136182204E-4
30218 4.6959380136182204E-4
9739 2.3479690068091102E-4
17932 4.6959380136182204E-4
26126 4.6959380136182204E-4
5648 2.3479690068091102E-4
30224 2.3479690068091102E-4
1553 2.3479690068091102E-4
17938 4.6959380136182204E-4
5653 2.3479690068091102E-4
26140 4.6959380136182204E-4
30239 2.3479690068091102E-4
5665 2.3479690068091102E-4
22052 9.391876027236441E-4
17956 4.6959380136182204E-4
5668 2.3479690068091102E-4
30246 2.3479690068091102E-4
26150 2.3479690068091102E-4
13864 2.3479690068091102E-4
1576 7.04390702042733E-4
9770 0.0011739845034045551
30250 2.3479690068091102E-4
5674 2.3479690068091102E-4
22058 2.3479690068091102E-4
5682 2.3479690068091102E-4
1591 2.3479690068091102E-4
17978 4.6959380136182204E-4
13882 4.6959380136182204E-4
5690 2.3479690068091102E-4
9789 7.04390702042733E-4
22077 2.3479690068091102E-4
30271 2.3479690068091102E-4
13888 2.3479690068091102E-4
1600 2.3479690068091102E-4
26177 9.391876027236441E-4
1608 2.3479690068091102E-4
5706 4.6959380136182204E-4
9802 2.3479690068091102E-4
22090 2.3479690068091102E-4
17995 4.6959380136182204E-4
9806 4.6959380136182204E-4
26190 4.6959380136182204E-4
13904 2.3479690068091102E-4
13908 2.3479690068091102E-4
18005 2.3479690068091102E-4
5720 2.3479690068091102E-4
30297 7.04390702042733E-4
26201 2.3479690068091102E-4
13915 4.6959380136182204E-4
9828 4.6959380136182204E-4
22117 2.3479690068091102E-4
5733 2.3479690068091102E-4
1639 0.0011739845034045551
30313 2.3479690068091102E-4
26218 2.3479690068091102E-4
18028 9.391876027236441E-4
26223 4.6959380136182204E-4
9840 2.3479690068091102E-4
30322 2.3479690068091102E-4
1652 4.6959380136182204E-4
13941 2.3479690068091102E-4
9847 2.3479690068091102E-4
26233 7.04390702042733E-4
13945 4.6959380136182204E-4
18043 4.6959380136182204E-4
1659 7.04390702042733E-4
26237 4.6959380136182204E-4
9854 2.3479690068091102E-4
18048 2.3479690068091102E-4
30341 7.04390702042733E-4
1671 2.3479690068091102E-4
22151 9.391876027236441E-4
5767 4.6959380136182204E-4
18057 7.04390702042733E-4
13961 2.3479690068091102E-4
26250 7.04390702042733E-4
18059 2.3479690068091102E-4
5776 2.3479690068091102E-4
30354 2.3479690068091102E-4
1682 2.3479690068091102E-4
13976 2.3479690068091102E-4
22168 4.6959380136182204E-4
18075 2.3479690068091102E-4
1693 2.3479690068091102E-4
9886 9.391876027236441E-4
30368 4.6959380136182204E-4
5794 4.6959380136182204E-4
13986 2.3479690068091102E-4
26275 2.3479690068091102E-4
18085 2.3479690068091102E-4
1702 2.3479690068091102E-4
30377 2.3479690068091102E-4
26282 4.6959380136182204E-4
5803 2.3479690068091102E-4
22188 4.6959380136182204E-4
13997 2.3479690068091102E-4
18095 2.3479690068091102E-4
26288 4.6959380136182204E-4
1713 4.6959380136182204E-4
14004 2.3479690068091102E-4
9909 2.3479690068091102E-4
14014 2.3479690068091102E-4
22206 2.3479690068091102E-4
26303 2.3479690068091102E-4
5828 4.6959380136182204E-4
14020 2.3479690068091102E-4
18118 4.6959380136182204E-4
22214 2.3479690068091102E-4
30410 9.391876027236441E-4
5838 2.3479690068091102E-4
18127 7.04390702042733E-4
1745 2.3479690068091102E-4
22232 4.6959380136182204E-4
14040 4.6959380136182204E-4
1752 2.3479690068091102E-4
26331 7.04390702042733E-4
18140 2.3479690068091102E-4
9950 9.391876027236441E-4
5857 4.6959380136182204E-4
9955 2.3479690068091102E-4
26341 4.6959380136182204E-4
30439 0.0011739845034045551
1770 2.3479690068091102E-4
14058 4.6959380136182204E-4
18158 9.391876027236441E-4
30446 7.04390702042733E-4
9967 2.3479690068091102E-4
18162 2.3479690068091102E-4
30450 2.3479690068091102E-4
5875 2.3479690068091102E-4
26357 9.391876027236441E-4
22264 2.3479690068091102E-4
14072 2.3479690068091102E-4
5888 4.6959380136182204E-4
18180 7.04390702042733E-4
26372 2.3479690068091102E-4
1800 2.3479690068091102E-4
14089 2.3479690068091102E-4
30474 0.0011739845034045551
18186 2.3479690068091102E-4
18187 2.3479690068091102E-4
5901 2.3479690068091102E-4
22286 9.391876027236441E-4
1809 4.6959380136182204E-4
22289 2.3479690068091102E-4
5906 2.3479690068091102E-4
18195 2.3479690068091102E-4
30489 0.001408781404085466
22297 2.3479690068091102E-4
26393 2.3479690068091102E-4
10009 2.3479690068091102E-4
5918 2.3479690068091102E-4
26400 2.3479690068091102E-4
22304 2.3479690068091102E-4
18210 2.3479690068091102E-4
22308 2.3479690068091102E-4
5926 2.3479690068091102E-4
1831 4.6959380136182204E-4
1833 2.3479690068091102E-4
30507 4.6959380136182204E-4
5932 2.3479690068091102E-4
26412 2.3479690068091102E-4
10029 4.6959380136182204E-4
22318 2.3479690068091102E-4
1839 2.3479690068091102E-4
14130 4.6959380136182204E-4
30515 4.6959380136182204E-4
30522 2.3479690068091102E-4
5947 4.6959380136182204E-4
10045 2.3479690068091102E-4
14142 2.3479690068091102E-4
26431 2.3479690068091102E-4
10048 4.6959380136182204E-4
18240 7.04390702042733E-4
1861 7.04390702042733E-4
5958 2.3479690068091102E-4
22344 2.3479690068091102E-4
30536 2.3479690068091102E-4
18248 2.3479690068091102E-4
14153 9.391876027236441E-4
10057 2.3479690068091102E-4
18251 2.3479690068091102E-4
1868 2.3479690068091102E-4
30541 2.3479690068091102E-4
22353 4.6959380136182204E-4
5974 4.6959380136182204E-4
14169 2.3479690068091102E-4
18266 2.3479690068091102E-4
26459 7.04390702042733E-4
22364 2.3479690068091102E-4
1888 7.04390702042733E-4
10083 9.391876027236441E-4
22372 4.6959380136182204E-4
30564 9.391876027236441E-4
26468 2.3479690068091102E-4
22376 2.3479690068091102E-4
14184 2.3479690068091102E-4
30571 2.3479690068091102E-4
18287 7.04390702042733E-4
1904 2.3479690068091102E-4
30577 4.6959380136182204E-4
6005 9.391876027236441E-4
14198 2.3479690068091102E-4
10102 2.3479690068091102E-4
1911 2.3479690068091102E-4
18296 4.6959380136182204E-4
6008 2.3479690068091102E-4
26489 2.3479690068091102E-4
1922 2.3479690068091102E-4
6018 2.3479690068091102E-4
1923 2.3479690068091102E-4
26499 2.3479690068091102E-4
22407 7.04390702042733E-4
26505 2.3479690068091102E-4
10122 4.6959380136182204E-4
22411 2.3479690068091102E-4
1933 4.6959380136182204E-4
30606 7.04390702042733E-4
18327 0.0011739845034045551
14231 2.3479690068091102E-4
1948 2.3479690068091102E-4
26527 7.04390702042733E-4
1951 2.3479690068091102E-4
22433 7.04390702042733E-4
14243 2.3479690068091102E-4
18341 4.6959380136182204E-4
1959 2.3479690068091102E-4
6058 0.001643578304766377
26538 2.3479690068091102E-4
14251 2.3479690068091102E-4
10159 9.391876027236441E-4
30639 2.3479690068091102E-4
18352 4.6959380136182204E-4
10161 2.3479690068091102E-4
14260 2.3479690068091102E-4
22458 2.3479690068091102E-4
1979 7.04390702042733E-4
10173 4.6959380136182204E-4
10177 2.3479690068091102E-4
14276 2.3479690068091102E-4
22470 4.6959380136182204E-4
18375 9.391876027236441E-4
10185 4.6959380136182204E-4
6091 7.04390702042733E-4
26571 9.391876027236441E-4
22481 2.3479690068091102E-4
30676 4.6959380136182204E-4
6101 2.3479690068091102E-4
22486 2.3479690068091102E-4
10198 2.3479690068091102E-4
10199 2.3479690068091102E-4
14298 2.3479690068091102E-4
18396 2.3479690068091102E-4
6110 2.3479690068091102E-4
14303 2.3479690068091102E-4
10208 2.3479690068091102E-4
22500 2.3479690068091102E-4
14309 2.3479690068091102E-4
2022 0.001408781404085466
26602 7.04390702042733E-4
6125 7.04390702042733E-4
30704 2.3479690068091102E-4
30708 2.3479690068091102E-4
18429 9.391876027236441E-4
10237 2.3479690068091102E-4
26622 2.3479690068091102E-4
30718 2.3479690068091102E-4
2048 9.391876027236441E-4
30722 2.3479690068091102E-4
2050 2.3479690068091102E-4
6147 4.6959380136182204E-4
18439 2.3479690068091102E-4
6153 2.3479690068091102E-4
10253 2.3479690068091102E-4
14350 7.04390702042733E-4
26640 7.04390702042733E-4
14353 4.6959380136182204E-4
22548 9.391876027236441E-4
6165 2.3479690068091102E-4
30743 4.6959380136182204E-4
22555 2.3479690068091102E-4
6178 4.6959380136182204E-4
2082 7.04390702042733E-4
10275 4.6959380136182204E-4
30756 4.6959380136182204E-4
26661 2.3479690068091102E-4
2087 4.6959380136182204E-4
18473 2.3479690068091102E-4
14380 4.6959380136182204E-4
10288 4.6959380136182204E-4
26674 2.3479690068091102E-4
6194 4.6959380136182204E-4
2100 2.3479690068091102E-4
18486 4.6959380136182204E-4
10294 4.6959380136182204E-4
14390 4.6959380136182204E-4
22584 2.3479690068091102E-4
30780 0.0011739845034045551
6205 2.3479690068091102E-4
26687 2.3479690068091102E-4
2112 4.6959380136182204E-4
10307 4.6959380136182204E-4
14407 2.3479690068091102E-4
18504 2.3479690068091102E-4
2122 4.6959380136182204E-4
10314 2.3479690068091102E-4
18510 2.3479690068091102E-4
6223 2.3479690068091102E-4
26705 4.6959380136182204E-4
2131 4.6959380136182204E-4
6230 2.3479690068091102E-4
18519 2.3479690068091102E-4
22616 4.6959380136182204E-4
30808 7.04390702042733E-4
26713 7.04390702042733E-4
10332 7.04390702042733E-4
14430 4.6959380136182204E-4
14436 2.3479690068091102E-4
30823 2.3479690068091102E-4
18536 2.3479690068091102E-4
10347 2.3479690068091102E-4
14446 4.6959380136182204E-4
2160 4.6959380136182204E-4
6257 4.6959380136182204E-4
22643 9.391876027236441E-4
26740 7.04390702042733E-4
10363 2.3479690068091102E-4
2172 0.0011739845034045551
22652 2.3479690068091102E-4
30846 0.0011739845034045551
30849 2.3479690068091102E-4
26757 4.6959380136182204E-4
6280 7.04390702042733E-4
14473 9.391876027236441E-4
22669 2.3479690068091102E-4
30863 7.04390702042733E-4
6288 2.3479690068091102E-4
10386 4.6959380136182204E-4
26774 4.6959380136182204E-4
2198 9.391876027236441E-4
6294 4.6959380136182204E-4
14486 2.3479690068091102E-4
30871 2.3479690068091102E-4
10393 4.6959380136182204E-4
18585 2.3479690068091102E-4
22682 7.04390702042733E-4
6299 2.3479690068091102E-4
2203 2.3479690068091102E-4
26781 2.3479690068091102E-4
30881 4.6959380136182204E-4
14497 4.6959380136182204E-4
2209 2.3479690068091102E-4
10402 4.6959380136182204E-4
14503 2.3479690068091102E-4
10407 2.3479690068091102E-4
26791 2.3479690068091102E-4
18599 2.3479690068091102E-4
30889 2.3479690068091102E-4
6314 4.6959380136182204E-4
10410 2.3479690068091102E-4
22700 7.04390702042733E-4
2222 4.6959380136182204E-4
10416 4.6959380136182204E-4
2228 2.3479690068091102E-4
26806 2.3479690068091102E-4
30904 7.04390702042733E-4
30908 4.6959380136182204E-4
2237 2.3479690068091102E-4
14527 9.391876027236441E-4
18626 2.3479690068091102E-4
6338 2.3479690068091102E-4
2242 2.3479690068091102E-4
10437 2.3479690068091102E-4
22727 2.3479690068091102E-4
30922 2.3479690068091102E-4
14540 2.3479690068091102E-4
26829 2.3479690068091102E-4
2253 2.3479690068091102E-4
18640 2.3479690068091102E-4
10449 2.3479690068091102E-4
10453 2.3479690068091102E-4
2261 2.3479690068091102E-4
30936 4.6959380136182204E-4
22745 2.3479690068091102E-4
2266 4.6959380136182204E-4
6363 9.391876027236441E-4
14557 2.3479690068091102E-4
2273 2.3479690068091102E-4
10466 4.6959380136182204E-4
30948 9.391876027236441E-4
2277 7.04390702042733E-4
6374 2.3479690068091102E-4
14569 4.6959380136182204E-4
14570 2.3479690068091102E-4
18667 4.6959380136182204E-4
26859 4.6959380136182204E-4
6383 2.3479690068091102E-4
2291 2.3479690068091102E-4
26870 4.6959380136182204E-4
30966 7.04390702042733E-4
22776 9.391876027236441E-4
30969 2.3479690068091102E-4
10493 7.04390702042733E-4
2301 4.6959380136182204E-4
14590 7.04390702042733E-4
14591 2.3479690068091102E-4
6401 2.3479690068091102E-4
30980 2.3479690068091102E-4
10502 4.6959380136182204E-4
22790 4.6959380136182204E-4
6406 2.3479690068091102E-4
18694 2.3479690068091102E-4
26887 7.04390702042733E-4
2312 2.3479690068091102E-4
10507 2.3479690068091102E-4
2317 2.3479690068091102E-4
30990 2.3479690068091102E-4
22799 2.3479690068091102E-4
6419 2.3479690068091102E-4
10517 2.3479690068091102E-4
14613 9.391876027236441E-4
22806 2.3479690068091102E-4
18714 7.04390702042733E-4
18723 2.3479690068091102E-4
14627 2.3479690068091102E-4
26916 2.3479690068091102E-4
31017 9.391876027236441E-4
14634 2.3479690068091102E-4
6442 2.3479690068091102E-4
22831 4.6959380136182204E-4
10543 7.04390702042733E-4
18735 2.3479690068091102E-4
6449 2.3479690068091102E-4
10549 2.3479690068091102E-4
31029 4.6959380136182204E-4
6454 2.3479690068091102E-4
14648 2.3479690068091102E-4
18749 2.3479690068091102E-4
2367 0.001408781404085466
26943 0.0011739845034045551
31040 7.04390702042733E-4
22851 2.3479690068091102E-4
6470 2.3479690068091102E-4
6471 2.3479690068091102E-4
10568 2.3479690068091102E-4
22857 2.3479690068091102E-4
31049 2.3479690068091102E-4
18762 2.3479690068091102E-4
14668 2.3479690068091102E-4
2383 4.6959380136182204E-4
18768 2.3479690068091102E-4
6480 2.3479690068091102E-4
2392 2.3479690068091102E-4
18781 2.3479690068091102E-4
14685 2.3479690068091102E-4
22892 4.6959380136182204E-4
26989 7.04390702042733E-4
2416 4.6959380136182204E-4
10611 7.04390702042733E-4
14709 7.04390702042733E-4
26997 2.3479690068091102E-4
10618 2.3479690068091102E-4
18815 4.6959380136182204E-4
14722 2.3479690068091102E-4
31107 0.0011739845034045551
6534 2.3479690068091102E-4
2443 2.3479690068091102E-4
18827 2.3479690068091102E-4
10640 4.6959380136182204E-4
18835 2.3479690068091102E-4
14739 7.04390702042733E-4
31124 4.6959380136182204E-4
27031 4.6959380136182204E-4
6551 2.3479690068091102E-4
10648 2.3479690068091102E-4
2460 4.6959380136182204E-4
6560 2.3479690068091102E-4
10656 2.3479690068091102E-4
18848 4.6959380136182204E-4
2465 2.3479690068091102E-4
27042 2.3479690068091102E-4
14756 2.3479690068091102E-4
22952 0.0011739845034045551
31145 2.3479690068091102E-4
2475 2.3479690068091102E-4
10676 2.3479690068091102E-4
27060 2.3479690068091102E-4
14777 4.6959380136182204E-4
2490 4.6959380136182204E-4
22974 7.04390702042733E-4
14782 2.3479690068091102E-4
6596 7.04390702042733E-4
10693 4.6959380136182204E-4
27077 7.04390702042733E-4
2501 4.6959380136182204E-4
22983 2.3479690068091102E-4
2504 2.3479690068091102E-4
10698 2.3479690068091102E-4
22988 2.3479690068091102E-4
2509 2.3479690068091102E-4
31184 2.3479690068091102E-4
6610 2.3479690068091102E-4
27092 2.3479690068091102E-4
23000 2.3479690068091102E-4
6620 2.3479690068091102E-4
18909 4.6959380136182204E-4
23006 2.3479690068091102E-4
14816 0.001643578304766377
18913 2.3479690068091102E-4
2529 2.3479690068091102E-4
10722 4.6959380136182204E-4
23011 2.3479690068091102E-4
14823 4.6959380136182204E-4
6635 2.3479690068091102E-4
14829 7.04390702042733E-4
18927 4.6959380136182204E-4
27121 0.001408781404085466
23026 2.3479690068091102E-4
10740 4.6959380136182204E-4
2548 2.3479690068091102E-4
14837 2.3479690068091102E-4
18937 4.6959380136182204E-4
31228 9.391876027236441E-4
27132 4.6959380136182204E-4
18941 2.3479690068091102E-4
6653 2.3479690068091102E-4
10749 2.3479690068091102E-4
14845 2.3479690068091102E-4
27136 7.04390702042733E-4
18944 2.3479690068091102E-4
2561 2.3479690068091102E-4
6659 2.3479690068091102E-4
10757 2.3479690068091102E-4
18952 2.3479690068091102E-4
18954 2.3479690068091102E-4
6666 2.3479690068091102E-4
10767 2.3479690068091102E-4
14866 2.3479690068091102E-4
6675 2.3479690068091102E-4
27156 4.6959380136182204E-4
23061 4.6959380136182204E-4
2582 4.6959380136182204E-4
10775 2.3479690068091102E-4
18971 2.3479690068091102E-4
2588 4.6959380136182204E-4
23073 2.3479690068091102E-4
6691 2.3479690068091102E-4
27172 2.3479690068091102E-4
18984 2.3479690068091102E-4
6700 2.3479690068091102E-4
14895 7.04390702042733E-4
31282 9.391876027236441E-4
10803 4.6959380136182204E-4
2611 2.3479690068091102E-4
23100 4.6959380136182204E-4
10812 2.3479690068091102E-4
19004 2.3479690068091102E-4
14908 2.3479690068091102E-4
10816 2.3479690068091102E-4
2625 2.3479690068091102E-4
31300 7.04390702042733E-4
6730 7.04390702042733E-4
10828 4.6959380136182204E-4
10830 2.3479690068091102E-4
27217 7.04390702042733E-4
14934 7.04390702042733E-4
2646 4.6959380136182204E-4
31321 2.3479690068091102E-4
6746 2.3479690068091102E-4
14942 2.3479690068091102E-4
19038 4.6959380136182204E-4
2656 2.3479690068091102E-4
31329 2.3479690068091102E-4
27236 2.3479690068091102E-4
10856 4.6959380136182204E-4
23147 0.001408781404085466
2669 7.04390702042733E-4
14957 4.6959380136182204E-4
19055 2.3479690068091102E-4
31345 2.3479690068091102E-4
2675 2.3479690068091102E-4
27253 4.6959380136182204E-4
14966 2.3479690068091102E-4
31351 2.3479690068091102E-4
2681 2.3479690068091102E-4
19067 2.3479690068091102E-4
23164 0.0011739845034045551
6783 9.391876027236441E-4
27265 2.3479690068091102E-4
14978 2.3479690068091102E-4
31362 2.3479690068091102E-4
10883 2.3479690068091102E-4
23173 2.3479690068091102E-4
14986 2.3479690068091102E-4
23182 2.3479690068091102E-4
27280 2.3479690068091102E-4
10897 2.3479690068091102E-4
14996 2.3479690068091102E-4
6804 2.3479690068091102E-4
10903 2.3479690068091102E-4
31384 4.6959380136182204E-4
27291 2.3479690068091102E-4
2716 2.3479690068091102E-4
10909 2.3479690068091102E-4
19102 7.04390702042733E-4
10912 2.3479690068091102E-4
27300 4.6959380136182204E-4
6823 4.6959380136182204E-4
10919 2.3479690068091102E-4
19112 7.04390702042733E-4
31405 7.04390702042733E-4
6829 2.3479690068091102E-4
2736 4.6959380136182204E-4
6836 2.3479690068091102E-4
23221 2.3479690068091102E-4
2742 4.6959380136182204E-4
19127 4.6959380136182204E-4
10938 2.3479690068091102E-4
19130 2.3479690068091102E-4
2748 2.3479690068091102E-4
6847 2.3479690068091102E-4
2752 2.3479690068091102E-4
23233 2.3479690068091102E-4
10946 2.3479690068091102E-4
27331 2.3479690068091102E-4
15049 0.001643578304766377
19147 2.3479690068091102E-4
6860 7.04390702042733E-4
10960 2.3479690068091102E-4
23248 2.3479690068091102E-4
31441 0.0011739845034045551
6868 2.3479690068091102E-4
15065 0.001408781404085466
19165 4.6959380136182204E-4
10973 2.3479690068091102E-4
27358 0.0011739845034045551
19172 2.3479690068091102E-4
15077 2.3479690068091102E-4
23271 4.6959380136182204E-4
10984 2.3479690068091102E-4
27370 2.3479690068091102E-4
31466 2.3479690068091102E-4
23276 2.3479690068091102E-4
31472 2.3479690068091102E-4
15094 2.3479690068091102E-4
19194 4.6959380136182204E-4
27387 7.04390702042733E-4
31485 4.6959380136182204E-4
2815 9.391876027236441E-4
6911 2.3479690068091102E-4
6914 2.3479690068091102E-4
23300 2.3479690068091102E-4
23303 2.3479690068091102E-4
11019 2.3479690068091102E-4
27404 2.3479690068091102E-4
2828 2.3479690068091102E-4
19213 4.6959380136182204E-4
31501 2.3479690068091102E-4
15120 7.04390702042733E-4
2832 2.3479690068091102E-4
31504 2.3479690068091102E-4
6928 2.3479690068091102E-4
23314 4.6959380136182204E-4
6933 4.6959380136182204E-4
31517 4.6959380136182204E-4
19229 2.3479690068091102E-4
27422 4.6959380136182204E-4
6943 4.6959380136182204E-4
2847 4.6959380136182204E-4
6947 2.3479690068091102E-4
15140 9.391876027236441E-4
23333 7.04390702042733E-4
31525 2.3479690068091102E-4
27441 7.04390702042733E-4
23349 2.3479690068091102E-4
2870 2.3479690068091102E-4
6967 4.6959380136182204E-4
31547 2.3479690068091102E-4
15167 7.04390702042733E-4
11071 7.04390702042733E-4
2881 2.3479690068091102E-4
27458 4.6959380136182204E-4
6978 4.6959380136182204E-4
23365 4.6959380136182204E-4
31562 4.6959380136182204E-4
19276 0.001408781404085466
27471 4.6959380136182204E-4
2896 2.3479690068091102E-4
23379 2.3479690068091102E-4
11092 2.3479690068091102E-4
11097 2.3479690068091102E-4
31577 2.3479690068091102E-4
7002 9.391876027236441E-4
27483 4.6959380136182204E-4
19292 2.3479690068091102E-4
2909 2.3479690068091102E-4
31585 2.3479690068091102E-4
7013 2.3479690068091102E-4
23399 7.04390702042733E-4
19305 2.3479690068091102E-4
2921 2.3479690068091102E-4
7018 2.3479690068091102E-4
31595 2.3479690068091102E-4
27500 4.6959380136182204E-4
2927 2.3479690068091102E-4
15216 2.3479690068091102E-4
23409 4.6959380136182204E-4
2930 2.3479690068091102E-4
27509 2.3479690068091102E-4
31605 2.3479690068091102E-4
19329 7.04390702042733E-4
11137 7.04390702042733E-4
15233 2.3479690068091102E-4
27522 2.3479690068091102E-4
31618 2.3479690068091102E-4
23428 2.3479690068091102E-4
7045 4.6959380136182204E-4
15238 2.3479690068091102E-4
15240 2.3479690068091102E-4
27529 2.3479690068091102E-4
27532 2.3479690068091102E-4
11153 4.6959380136182204E-4
27538 2.3479690068091102E-4
31634 2.3479690068091102E-4
2965 7.04390702042733E-4
19354 2.3479690068091102E-4
15260 4.6959380136182204E-4
19359 4.6959380136182204E-4
27551 4.6959380136182204E-4
2978 4.6959380136182204E-4
19368 7.04390702042733E-4
7080 4.6959380136182204E-4
31657 4.6959380136182204E-4
27561 2.3479690068091102E-4
23468 0.0011739845034045551
19378 2.3479690068091102E-4
2994 4.6959380136182204E-4
7092 7.04390702042733E-4
27574 4.6959380136182204E-4
3001 4.6959380136182204E-4
11194 2.3479690068091102E-4
7101 2.3479690068091102E-4
11199 2.3479690068091102E-4
11204 2.3479690068091102E-4
27588 7.04390702042733E-4
19396 2.3479690068091102E-4
31685 0.0011739845034045551
15302 2.3479690068091102E-4
3015 4.6959380136182204E-4
23499 4.6959380136182204E-4
3019 2.3479690068091102E-4
19404 7.04390702042733E-4
31693 4.6959380136182204E-4
19409 2.3479690068091102E-4
27601 4.6959380136182204E-4
3027 2.3479690068091102E-4
31701 2.3479690068091102E-4
15319 4.6959380136182204E-4
27611 4.6959380136182204E-4
23516 7.04390702042733E-4
19421 4.6959380136182204E-4
11230 4.6959380136182204E-4
31712 7.04390702042733E-4
7137 9.391876027236441E-4
3043 2.3479690068091102E-4
31718 2.3479690068091102E-4
3047 4.6959380136182204E-4
15336 7.04390702042733E-4
19434 4.6959380136182204E-4
23531 7.04390702042733E-4
7149 7.04390702042733E-4
15345 2.3479690068091102E-4
23538 2.3479690068091102E-4
19445 2.3479690068091102E-4
27637 0.0011739845034045551
31735 4.6959380136182204E-4
7160 2.3479690068091102E-4
3068 4.6959380136182204E-4
23548 2.3479690068091102E-4
15357 2.3479690068091102E-4
11262 7.04390702042733E-4
19457 4.6959380136182204E-4
31750 2.3479690068091102E-4
11274 2.3479690068091102E-4
3083 2.3479690068091102E-4
7180 4.6959380136182204E-4
19469 4.6959380136182204E-4
27662 4.6959380136182204E-4
15377 7.04390702042733E-4
31763 4.6959380136182204E-4
3094 4.6959380136182204E-4
23575 7.04390702042733E-4
15383 2.3479690068091102E-4
27672 2.3479690068091102E-4
7194 2.3479690068091102E-4
11292 2.3479690068091102E-4
11293 2.3479690068091102E-4
3101 2.3479690068091102E-4
15390 2.3479690068091102E-4
23583 2.3479690068091102E-4
27680 2.3479690068091102E-4
11296 2.3479690068091102E-4
15393 2.3479690068091102E-4
19489 9.391876027236441E-4
23585 2.3479690068091102E-4
7202 2.3479690068091102E-4
27682 2.3479690068091102E-4
31782 4.6959380136182204E-4
11304 2.3479690068091102E-4
3113 2.3479690068091102E-4
15402 2.3479690068091102E-4
23595 4.6959380136182204E-4
19500 7.04390702042733E-4
23598 2.3479690068091102E-4
27696 4.6959380136182204E-4
3123 2.3479690068091102E-4
3125 2.3479690068091102E-4
23608 2.3479690068091102E-4
11321 4.6959380136182204E-4
27712 2.3479690068091102E-4
15427 9.391876027236441E-4
19523 4.6959380136182204E-4
7237 7.04390702042733E-4
3142 4.6959380136182204E-4
15432 7.04390702042733E-4
27720 2.3479690068091102E-4
3146 2.3479690068091102E-4
31819 0.002113172106128199
23627 7.04390702042733E-4
15437 4.6959380136182204E-4
27728 2.3479690068091102E-4
7248 2.3479690068091102E-4
31828 2.3479690068091102E-4
3158 4.6959380136182204E-4
11351 2.3479690068091102E-4
7260 4.6959380136182204E-4
19550 4.6959380136182204E-4
31839 2.3479690068091102E-4
23647 2.3479690068091102E-4
15456 4.6959380136182204E-4
11364 2.3479690068091102E-4
15462 2.3479690068091102E-4
27751 2.3479690068091102E-4
3177 2.3479690068091102E-4
3178 2.3479690068091102E-4
11370 2.3479690068091102E-4
31853 7.04390702042733E-4
23661 2.3479690068091102E-4
15470 2.3479690068091102E-4
7279 4.6959380136182204E-4
3184 2.3479690068091102E-4
15474 2.3479690068091102E-4
19578 2.3479690068091102E-4
27771 4.6959380136182204E-4
3198 2.3479690068091102E-4
19584 2.3479690068091102E-4
31875 4.6959380136182204E-4
23684 2.3479690068091102E-4
23687 4.6959380136182204E-4
11399 7.04390702042733E-4
27783 2.3479690068091102E-4
7306 7.04390702042733E-4
11405 2.3479690068091102E-4
27790 2.3479690068091102E-4
23699 2.3479690068091102E-4
31891 4.6959380136182204E-4
11411 2.3479690068091102E-4
3220 0.0011739845034045551
27801 2.3479690068091102E-4
15513 4.6959380136182204E-4
7322 4.6959380136182204E-4
11421 2.3479690068091102E-4
27806 2.3479690068091102E-4
23712 2.3479690068091102E-4
3240 2.3479690068091102E-4
15530 2.3479690068091102E-4
31916 4.6959380136182204E-4
7341 7.04390702042733E-4
11437 2.3479690068091102E-4
23726 4.6959380136182204E-4
19631 0.001408781404085466
7343 2.3479690068091102E-4
3248 4.6959380136182204E-4
3250 4.6959380136182204E-4
7351 2.3479690068091102E-4
27839 4.6959380136182204E-4
11456 2.3479690068091102E-4
19650 4.6959380136182204E-4
15555 2.3479690068091102E-4
27844 2.3479690068091102E-4
11461 4.6959380136182204E-4
31944 7.04390702042733E-4
7369 2.3479690068091102E-4
3273 2.3479690068091102E-4
3275 2.3479690068091102E-4
7373 2.3479690068091102E-4
31950 4.6959380136182204E-4
27859 2.3479690068091102E-4
31957 2.3479690068091102E-4
15573 2.3479690068091102E-4
15578 2.3479690068091102E-4
27868 2.3479690068091102E-4
7394 7.04390702042733E-4
23779 0.001408781404085466
31972 7.04390702042733E-4
15588 4.6959380136182204E-4
19685 2.3479690068091102E-4
27878 7.04390702042733E-4
11495 2.3479690068091102E-4
7400 2.3479690068091102E-4
31979 2.3479690068091102E-4
15596 2.3479690068091102E-4
3308 7.04390702042733E-4
7414 2.3479690068091102E-4
23798 2.3479690068091102E-4
3324 4.6959380136182204E-4
7422 2.3479690068091102E-4
27904 7.04390702042733E-4
32000 4.6959380136182204E-4
23808 2.3479690068091102E-4
19713 4.6959380136182204E-4
11521 7.04390702042733E-4
7425 2.3479690068091102E-4
15620 4.6959380136182204E-4
27910 2.3479690068091102E-4
19719 2.3479690068091102E-4
11528 2.3479690068091102E-4
3337 2.3479690068091102E-4
23819 2.3479690068091102E-4
27921 2.3479690068091102E-4
19730 2.3479690068091102E-4
23827 2.3479690068091102E-4
11540 2.3479690068091102E-4
27933 2.3479690068091102E-4
32030 0.001408781404085466
7457 9.391876027236441E-4
32033 2.3479690068091102E-4
15654 2.3479690068091102E-4
19752 2.3479690068091102E-4
27946 2.3479690068091102E-4
23854 2.3479690068091102E-4
7472 2.3479690068091102E-4
3377 4.6959380136182204E-4
11572 4.6959380136182204E-4
32063 7.04390702042733E-4
15681 4.6959380136182204E-4
11588 2.3479690068091102E-4
27974 7.04390702042733E-4
3399 2.3479690068091102E-4
11591 2.3479690068091102E-4
7500 4.6959380136182204E-4
11597 4.6959380136182204E-4
32078 7.04390702042733E-4
15698 2.3479690068091102E-4
23895 7.04390702042733E-4
3417 2.3479690068091102E-4
19804 0.0011739845034045551
32093 2.3479690068091102E-4
23902 2.3479690068091102E-4
32096 2.3479690068091102E-4
28001 7.04390702042733E-4
11618 4.6959380136182204E-4
7523 7.04390702042733E-4
28009 2.3479690068091102E-4
15723 7.04390702042733E-4
23916 4.6959380136182204E-4
32108 2.3479690068091102E-4
7533 2.3479690068091102E-4
32111 2.3479690068091102E-4
11636 7.04390702042733E-4
15733 7.04390702042733E-4
19832 2.3479690068091102E-4
7545 2.3479690068091102E-4
3450 4.6959380136182204E-4
7549 2.3479690068091102E-4
11648 2.3479690068091102E-4
23939 7.04390702042733E-4
19844 2.3479690068091102E-4
28038 7.04390702042733E-4
7565 4.6959380136182204E-4
3471 2.3479690068091102E-4
32151 7.04390702042733E-4
23960 4.6959380136182204E-4
7577 2.3479690068091102E-4
28061 2.3479690068091102E-4
32159 2.3479690068091102E-4
11680 9.391876027236441E-4
19873 2.3479690068091102E-4
3492 7.04390702042733E-4
19878 2.3479690068091102E-4
23978 7.04390702042733E-4
23980 2.3479690068091102E-4
11693 2.3479690068091102E-4
28079 4.6959380136182204E-4
7600 0.001408781404085466
11699 2.3479690068091102E-4
7606 2.3479690068091102E-4
32184 2.3479690068091102E-4
19897 2.3479690068091102E-4
15804 0.0018783752054472881
7614 4.6959380136182204E-4
11713 7.04390702042733E-4
24002 4.6959380136182204E-4
28098 4.6959380136182204E-4
32195 4.6959380136182204E-4
28100 2.3479690068091102E-4
19909 4.6959380136182204E-4
11721 9.391876027236441E-4
3532 4.6959380136182204E-4
15822 7.04390702042733E-4
24017 4.6959380136182204E-4
28113 2.3479690068091102E-4
7634 4.6959380136182204E-4
15829 2.3479690068091102E-4
19926 0.0011739845034045551
3544 2.3479690068091102E-4
19929 2.3479690068091102E-4
7642 2.3479690068091102E-4
28123 2.3479690068091102E-4
32220 2.3479690068091102E-4
11741 2.3479690068091102E-4
15839 2.3479690068091102E-4
15841 2.3479690068091102E-4
19938 2.3479690068091102E-4
11748 2.3479690068091102E-4
19942 2.3479690068091102E-4
3558 2.3479690068091102E-4
24040 9.391876027236441E-4
19945 2.3479690068091102E-4
32236 2.3479690068091102E-4
24045 4.6959380136182204E-4
32243 4.6959380136182204E-4
28149 2.3479690068091102E-4
7673 9.391876027236441E-4
15868 7.04390702042733E-4
3582 2.3479690068091102E-4
11775 7.04390702042733E-4
24063 2.3479690068091102E-4
32255 2.3479690068091102E-4
19968 2.3479690068091102E-4
3585 2.3479690068091102E-4
28163 2.3479690068091102E-4
11779 2.3479690068091102E-4
32260 4.6959380136182204E-4
7687 9.391876027236441E-4
15881 2.3479690068091102E-4
11790 2.3479690068091102E-4
7695 2.3479690068091102E-4
19986 9.391876027236441E-4
24083 7.04390702042733E-4
3603 2.3479690068091102E-4
19994 2.3479690068091102E-4
3611 4.6959380136182204E-4
15901 4.6959380136182204E-4
3616 2.3479690068091102E-4
32290 4.6959380136182204E-4
24098 2.3479690068091102E-4
15911 2.3479690068091102E-4
28199 4.6959380136182204E-4
24104 2.3479690068091102E-4
3624 2.3479690068091102E-4
7724 2.3479690068091102E-4
24109 2.3479690068091102E-4
32302 7.04390702042733E-4
15918 2.3479690068091102E-4
7726 2.3479690068091102E-4
7728 2.3479690068091102E-4
11826 2.3479690068091102E-4
7734 2.3479690068091102E-4
15926 2.3479690068091102E-4
11831 2.3479690068091102E-4
24120 2.3479690068091102E-4
3642 2.3479690068091102E-4
32315 7.04390702042733E-4
20028 4.6959380136182204E-4
7741 2.3479690068091102E-4
3647 2.3479690068091102E-4
24131 4.6959380136182204E-4
11843 2.3479690068091102E-4
32325 2.3479690068091102E-4
11855 4.6959380136182204E-4
15951 9.391876027236441E-4
28242 2.3479690068091102E-4
15957 2.3479690068091102E-4
20054 4.6959380136182204E-4
24151 2.3479690068091102E-4
3672 4.6959380136182204E-4
11867 2.3479690068091102E-4
7773 9.391876027236441E-4
15965 2.3479690068091102E-4
32350 7.04390702042733E-4
7779 2.3479690068091102E-4
11876 7.04390702042733E-4
20071 9.391876027236441E-4
7784 2.3479690068091102E-4
28269 9.391876027236441E-4
3697 4.6959380136182204E-4
11889 2.3479690068091102E-4
24181 9.391876027236441E-4
15990 9.391876027236441E-4
32374 4.6959380136182204E-4
28278 4.6959380136182204E-4
3707 2.3479690068091102E-4
28284 2.3479690068091102E-4
7807 4.6959380136182204E-4
11904 2.3479690068091102E-4
20096 2.3479690068091102E-4
32388 2.3479690068091102E-4
16006 2.3479690068091102E-4
28295 2.3479690068091102E-4
20106 2.3479690068091102E-4
3725 2.3479690068091102E-4
7822 2.3479690068091102E-4
32401 2.3479690068091102E-4
28311 7.04390702042733E-4
20120 2.3479690068091102E-4
32409 2.3479690068091102E-4
16026 7.04390702042733E-4
3738 4.6959380136182204E-4
24224 9.391876027236441E-4
20129 2.3479690068091102E-4
28322 2.3479690068091102E-4
7852 2.3479690068091102E-4
3758 4.6959380136182204E-4
32431 4.6959380136182204E-4
28337 2.3479690068091102E-4
11954 0.001408781404085466
3770 2.3479690068091102E-4
16059 2.3479690068091102E-4
11965 2.3479690068091102E-4
28349 2.3479690068091102E-4
7872 2.3479690068091102E-4
16066 2.3479690068091102E-4
20163 9.391876027236441E-4
28357 4.6959380136182204E-4
24261 9.391876027236441E-4
32458 4.6959380136182204E-4
24270 2.3479690068091102E-4
32463 4.6959380136182204E-4
3793 4.6959380136182204E-4
20177 4.6959380136182204E-4
24274 2.3479690068091102E-4
11987 4.6959380136182204E-4
16084 4.6959380136182204E-4
32471 2.3479690068091102E-4
7901 9.391876027236441E-4
24289 2.3479690068091102E-4
16097 4.6959380136182204E-4
7905 2.3479690068091102E-4
12003 4.6959380136182204E-4
28389 2.3479690068091102E-4
16101 2.3479690068091102E-4
24294 2.3479690068091102E-4
12009 4.6959380136182204E-4
3817 2.3479690068091102E-4
20202 2.3479690068091102E-4
20203 2.3479690068091102E-4
16108 2.3479690068091102E-4
7916 2.3479690068091102E-4
3821 2.3479690068091102E-4
32496 2.3479690068091102E-4
28408 2.3479690068091102E-4
12027 4.6959380136182204E-4
16123 2.3479690068091102E-4
3838 4.6959380136182204E-4
20224 2.3479690068091102E-4
3843 2.3479690068091102E-4
7940 9.391876027236441E-4
16138 7.04390702042733E-4
16143 2.3479690068091102E-4
24338 4.6959380136182204E-4
12050 2.3479690068091102E-4
3859 2.3479690068091102E-4
12057 4.6959380136182204E-4
28442 9.391876027236441E-4
12058 2.3479690068091102E-4
32540 7.04390702042733E-4
16157 2.3479690068091102E-4
7967 2.3479690068091102E-4
20256 7.04390702042733E-4
3872 2.3479690068091102E-4
28448 2.3479690068091102E-4
24357 2.3479690068091102E-4
16166 2.3479690068091102E-4
12072 4.6959380136182204E-4
12074 2.3479690068091102E-4
32555 2.3479690068091102E-4
20269 4.6959380136182204E-4
28463 2.3479690068091102E-4
16180 2.3479690068091102E-4
7990 4.6959380136182204E-4
3896 7.04390702042733E-4
16184 2.3479690068091102E-4
3897 2.3479690068091102E-4
20282 2.3479690068091102E-4
16187 2.3479690068091102E-4
20286 2.3479690068091102E-4
24383 0.0011739845034045551
12095 9.391876027236441E-4
28480 2.3479690068091102E-4
32578 4.6959380136182204E-4
20291 2.3479690068091102E-4
12100 2.3479690068091102E-4
3908 2.3479690068091102E-4
20294 2.3479690068091102E-4
24390 2.3479690068091102E-4
8009 7.04390702042733E-4
3918 2.3479690068091102E-4
20303 4.6959380136182204E-4
32591 2.3479690068091102E-4
24400 2.3479690068091102E-4
12113 4.6959380136182204E-4
8019 2.3479690068091102E-4
24405 2.3479690068091102E-4
28503 7.04390702042733E-4
16221 4.6959380136182204E-4
28510 4.6959380136182204E-4
32606 2.3479690068091102E-4
28512 2.3479690068091102E-4
16226 2.3479690068091102E-4
3939 4.6959380136182204E-4
8036 2.3479690068091102E-4
12134 2.3479690068091102E-4
20330 2.3479690068091102E-4
28524 4.6959380136182204E-4
16238 2.3479690068091102E-4
32629 7.04390702042733E-4
8053 2.3479690068091102E-4
20341 2.3479690068091102E-4
3960 0.0011739845034045551
12154 7.04390702042733E-4
24443 4.6959380136182204E-4
28541 4.6959380136182204E-4
8068 4.6959380136182204E-4
16261 2.3479690068091102E-4
8070 2.3479690068091102E-4
32646 2.3479690068091102E-4
20359 2.3479690068091102E-4
24457 2.3479690068091102E-4
3980 4.6959380136182204E-4
12175 2.3479690068091102E-4
3992 2.3479690068091102E-4
32665 2.3479690068091102E-4
8091 2.3479690068091102E-4
12187 2.3479690068091102E-4
20383 0.0011739845034045551
4000 2.3479690068091102E-4
16289 0.0011739845034045551
20388 2.3479690068091102E-4
24491 2.3479690068091102E-4
16299 2.3479690068091102E-4
28594 9.391876027236441E-4
12212 4.6959380136182204E-4
20406 4.6959380136182204E-4
4022 4.6959380136182204E-4
12216 2.3479690068091102E-4
16315 2.3479690068091102E-4
16321 2.3479690068091102E-4
8130 7.04390702042733E-4
24518 4.6959380136182204E-4
20422 2.3479690068091102E-4
12233 4.6959380136182204E-4
4050 7.04390702042733E-4
24530 2.3479690068091102E-4
28628 0.0011739845034045551
20438 7.04390702042733E-4
4055 2.3479690068091102E-4
12254 7.04390702042733E-4
16350 2.3479690068091102E-4
20448 2.3479690068091102E-4
32738 0.001643578304766377
8165 7.04390702042733E-4
32743 2.3479690068091102E-4
24552 4.6959380136182204E-4
12266 2.3479690068091102E-4
16366 4.6959380136182204E-4
28654 4.6959380136182204E-4
24560 4.6959380136182204E-4
8177 2.3479690068091102E-4
4082 7.04390702042733E-4
12277 2.3479690068091102E-4
16379 2.3479690068091102E-4
16381 2.3479690068091102E-4
12287 2.3479690068091102E-4
