0 0.1581196581196581
4096 0.0015262515262515263
22529 6.105006105006105E-4
10243 3.0525030525030525E-4
16390 3.0525030525030525E-4
8 6.105006105006105E-4
22537 3.0525030525030525E-4
6153 6.105006105006105E-4
14345 3.0525030525030525E-4
2059 3.0525030525030525E-4
20491 9.157509157509158E-4
8205 0.0018315018315018315
12303 9.157509157509158E-4
22544 6.105006105006105E-4
20 3.0525030525030525E-4
10261 6.105006105006105E-4
2070 3.0525030525030525E-4
6170 6.105006105006105E-4
22557 6.105006105006105E-4
16413 3.0525030525030525E-4
28702 9.157509157509158E-4
30 3.0525030525030525E-4
18463 6.105006105006105E-4
22559 3.0525030525030525E-4
20512 3.0525030525030525E-4
10274 3.0525030525030525E-4
26659 6.105006105006105E-4
4132 9.157509157509158E-4
36 6.105006105006105E-4
8229 6.105006105006105E-4
24613 6.105006105006105E-4
30757 3.0525030525030525E-4
28711 3.0525030525030525E-4
16425 3.0525030525030525E-4
6185 3.0525030525030525E-4
4138 3.0525030525030525E-4
43 3.0525030525030525E-4
10284 9.157509157509158E-4
4142 3.0525030525030525E-4
24630 6.105006105006105E-4
6198 3.0525030525030525E-4
22583 0.001221001221001221
14391 9.157509157509158E-4
10295 3.0525030525030525E-4
4153 3.0525030525030525E-4
57 6.105006105006105E-4
6202 3.0525030525030525E-4
28732 6.105006105006105E-4
20540 6.105006105006105E-4
12348 0.001221001221001221
2109 6.105006105006105E-4
24638 3.0525030525030525E-4
14399 6.105006105006105E-4
63 3.0525030525030525E-4
20548 3.0525030525030525E-4
18502 6.105006105006105E-4
10310 3.0525030525030525E-4
30794 9.157509157509158E-4
4170 3.0525030525030525E-4
8267 3.0525030525030525E-4
6219 3.0525030525030525E-4
16459 3.0525030525030525E-4
24653 3.0525030525030525E-4
10319 3.0525030525030525E-4
26709 9.157509157509158E-4
28759 3.0525030525030525E-4
2135 3.0525030525030525E-4
20568 3.0525030525030525E-4
4184 3.0525030525030525E-4
28766 3.0525030525030525E-4
22624 6.105006105006105E-4
14434 3.0525030525030525E-4
16482 3.0525030525030525E-4
28772 3.0525030525030525E-4
30821 9.157509157509158E-4
2149 3.0525030525030525E-4
8302 6.105006105006105E-4
18543 3.0525030525030525E-4
12400 0.0018315018315018315
10353 9.157509157509158E-4
24689 6.105006105006105E-4
6260 0.001221001221001221
6262 3.0525030525030525E-4
120 0.0015262515262515263
2169 6.105006105006105E-4
10362 3.0525030525030525E-4
28794 9.157509157509158E-4
8315 3.0525030525030525E-4
24703 3.0525030525030525E-4
22657 3.0525030525030525E-4
4227 3.0525030525030525E-4
18563 3.0525030525030525E-4
12420 3.0525030525030525E-4
14471 0.0015262515262515263
10376 6.105006105006105E-4
14473 3.0525030525030525E-4
30859 6.105006105006105E-4
16526 0.0018315018315018315
14478 3.0525030525030525E-4
28815 3.0525030525030525E-4
144 3.0525030525030525E-4
22672 6.105006105006105E-4
22674 3.0525030525030525E-4
18579 3.0525030525030525E-4
4244 3.0525030525030525E-4
2200 9.157509157509158E-4
8345 0.001221001221001221
26778 3.0525030525030525E-4
24731 3.0525030525030525E-4
18587 3.0525030525030525E-4
20637 9.157509157509158E-4
2205 3.0525030525030525E-4
22686 3.0525030525030525E-4
8351 6.105006105006105E-4
28834 6.105006105006105E-4
12451 3.0525030525030525E-4
26787 3.0525030525030525E-4
10404 3.0525030525030525E-4
18597 3.0525030525030525E-4
24742 6.105006105006105E-4
26790 3.0525030525030525E-4
16553 3.0525030525030525E-4
6315 0.0015262515262515263
28844 3.0525030525030525E-4
12460 3.0525030525030525E-4
173 6.105006105006105E-4
30894 9.157509157509158E-4
10415 6.105006105006105E-4
176 3.0525030525030525E-4
24753 3.0525030525030525E-4
2225 6.105006105006105E-4
8370 0.001221001221001221
22708 3.0525030525030525E-4
10421 3.0525030525030525E-4
14518 3.0525030525030525E-4
2231 3.0525030525030525E-4
6328 6.105006105006105E-4
10427 3.0525030525030525E-4
18619 3.0525030525030525E-4
16572 6.105006105006105E-4
30908 3.0525030525030525E-4
22716 3.0525030525030525E-4
4288 9.157509157509158E-4
192 6.105006105006105E-4
8385 6.105006105006105E-4
14530 3.0525030525030525E-4
6343 6.105006105006105E-4
14537 3.0525030525030525E-4
16586 6.105006105006105E-4
24780 0.0015262515262515263
30925 3.0525030525030525E-4
20687 0.001221001221001221
20693 3.0525030525030525E-4
26837 3.0525030525030525E-4
6357 3.0525030525030525E-4
10455 6.105006105006105E-4
215 3.0525030525030525E-4
14552 6.105006105006105E-4
12506 3.0525030525030525E-4
4318 3.0525030525030525E-4
16609 6.105006105006105E-4
16610 3.0525030525030525E-4
2274 9.157509157509158E-4
28899 0.0015262515262515263
22755 9.157509157509158E-4
8420 0.001221001221001221
12518 3.0525030525030525E-4
231 3.0525030525030525E-4
30952 3.0525030525030525E-4
20714 3.0525030525030525E-4
4332 6.105006105006105E-4
18671 0.0015262515262515263
20721 3.0525030525030525E-4
28913 3.0525030525030525E-4
24818 6.105006105006105E-4
12531 6.105006105006105E-4
14580 6.105006105006105E-4
2295 3.0525030525030525E-4
26873 3.0525030525030525E-4
10490 6.105006105006105E-4
6396 6.105006105006105E-4
254 3.0525030525030525E-4
16640 9.157509157509158E-4
4354 9.157509157509158E-4
28930 3.0525030525030525E-4
30979 6.105006105006105E-4
24835 3.0525030525030525E-4
22791 6.105006105006105E-4
18695 3.0525030525030525E-4
30984 3.0525030525030525E-4
10507 3.0525030525030525E-4
12560 3.0525030525030525E-4
16658 3.0525030525030525E-4
2322 6.105006105006105E-4
22802 3.0525030525030525E-4
4370 3.0525030525030525E-4
8470 9.157509157509158E-4
6424 6.105006105006105E-4
28952 6.105006105006105E-4
4379 6.105006105006105E-4
14620 3.0525030525030525E-4
284 6.105006105006105E-4
20766 0.0018315018315018315
4382 3.0525030525030525E-4
24863 3.0525030525030525E-4
10528 9.157509157509158E-4
31009 6.105006105006105E-4
290 3.0525030525030525E-4
14628 3.0525030525030525E-4
12584 9.157509157509158E-4
2344 9.157509157509158E-4
6440 3.0525030525030525E-4
10538 3.0525030525030525E-4
24875 3.0525030525030525E-4
8491 3.0525030525030525E-4
12588 3.0525030525030525E-4
28972 3.0525030525030525E-4
20782 6.105006105006105E-4
31022 6.105006105006105E-4
14638 3.0525030525030525E-4
26927 3.0525030525030525E-4
18738 0.0018315018315018315
22836 3.0525030525030525E-4
309 3.0525030525030525E-4
20790 3.0525030525030525E-4
12598 3.0525030525030525E-4
24887 3.0525030525030525E-4
18743 3.0525030525030525E-4
16697 0.001221001221001221
31033 3.0525030525030525E-4
20794 3.0525030525030525E-4
14653 3.0525030525030525E-4
26943 9.157509157509158E-4
12607 3.0525030525030525E-4
4416 9.157509157509158E-4
28992 3.0525030525030525E-4
321 3.0525030525030525E-4
22850 3.0525030525030525E-4
8520 3.0525030525030525E-4
24905 3.0525030525030525E-4
18761 3.0525030525030525E-4
6475 6.105006105006105E-4
12619 6.105006105006105E-4
24907 3.0525030525030525E-4
2380 0.001221001221001221
4428 6.105006105006105E-4
31052 3.0525030525030525E-4
24909 6.105006105006105E-4
2381 3.0525030525030525E-4
20813 3.0525030525030525E-4
10576 3.0525030525030525E-4
26962 3.0525030525030525E-4
16722 3.0525030525030525E-4
339 6.105006105006105E-4
14676 9.157509157509158E-4
18775 6.105006105006105E-4
22874 6.105006105006105E-4
4442 3.0525030525030525E-4
8542 9.157509157509158E-4
22878 3.0525030525030525E-4
16737 3.0525030525030525E-4
10593 3.0525030525030525E-4
24931 3.0525030525030525E-4
4460 3.0525030525030525E-4
14700 0.001221001221001221
22892 3.0525030525030525E-4
12653 3.0525030525030525E-4
26992 6.105006105006105E-4
370 0.001221001221001221
24947 6.105006105006105E-4
2421 9.157509157509158E-4
6518 0.001221001221001221
20855 3.0525030525030525E-4
22904 3.0525030525030525E-4
10617 6.105006105006105E-4
24954 3.0525030525030525E-4
2427 3.0525030525030525E-4
18813 3.0525030525030525E-4
29055 0.0018315018315018315
14720 9.157509157509158E-4
8577 9.157509157509158E-4
18818 3.0525030525030525E-4
16770 6.105006105006105E-4
24963 3.0525030525030525E-4
12675 3.0525030525030525E-4
10629 3.0525030525030525E-4
2437 6.105006105006105E-4
31109 3.0525030525030525E-4
20873 6.105006105006105E-4
22922 6.105006105006105E-4
16778 3.0525030525030525E-4
27019 3.0525030525030525E-4
10635 3.0525030525030525E-4
395 3.0525030525030525E-4
18829 3.0525030525030525E-4
8591 6.105006105006105E-4
31120 3.0525030525030525E-4
8598 3.0525030525030525E-4
4502 3.0525030525030525E-4
27031 3.0525030525030525E-4
12696 3.0525030525030525E-4
16792 3.0525030525030525E-4
29081 3.0525030525030525E-4
8602 3.0525030525030525E-4
31132 3.0525030525030525E-4
22945 6.105006105006105E-4
27042 3.0525030525030525E-4
418 0.001221001221001221
4517 3.0525030525030525E-4
16806 3.0525030525030525E-4
2470 3.0525030525030525E-4
25001 3.0525030525030525E-4
6571 0.0015262515262515263
427 3.0525030525030525E-4
25005 3.0525030525030525E-4
8623 6.105006105006105E-4
20911 6.105006105006105E-4
16815 3.0525030525030525E-4
6577 3.0525030525030525E-4
20916 3.0525030525030525E-4
18870 3.0525030525030525E-4
25014 3.0525030525030525E-4
12727 6.105006105006105E-4
29111 3.0525030525030525E-4
31161 3.0525030525030525E-4
22970 9.157509157509158E-4
20922 3.0525030525030525E-4
18874 3.0525030525030525E-4
10685 3.0525030525030525E-4
16830 3.0525030525030525E-4
4545 3.0525030525030525E-4
451 6.105006105006105E-4
10691 3.0525030525030525E-4
14792 0.002136752136752137
12744 3.0525030525030525E-4
8648 3.0525030525030525E-4
29129 3.0525030525030525E-4
2506 9.157509157509158E-4
25034 3.0525030525030525E-4
14800 3.0525030525030525E-4
29136 3.0525030525030525E-4
22993 6.105006105006105E-4
16849 6.105006105006105E-4
12753 9.157509157509158E-4
20945 3.0525030525030525E-4
25042 3.0525030525030525E-4
10708 3.0525030525030525E-4
6612 3.0525030525030525E-4
16855 3.0525030525030525E-4
31193 3.0525030525030525E-4
474 3.0525030525030525E-4
14812 0.001221001221001221
2525 3.0525030525030525E-4
4574 9.157509157509158E-4
18911 0.0018315018315018315
2528 3.0525030525030525E-4
12770 3.0525030525030525E-4
16867 6.105006105006105E-4
6629 3.0525030525030525E-4
20966 6.105006105006105E-4
10727 6.105006105006105E-4
27112 0.001221001221001221
14825 3.0525030525030525E-4
25066 3.0525030525030525E-4
491 6.105006105006105E-4
4588 3.0525030525030525E-4
10733 3.0525030525030525E-4
23027 3.0525030525030525E-4
31219 0.0015262515262515263
2549 9.157509157509158E-4
20981 3.0525030525030525E-4
27126 3.0525030525030525E-4
12790 6.105006105006105E-4
29177 6.105006105006105E-4
25084 3.0525030525030525E-4
8702 3.0525030525030525E-4
513 3.0525030525030525E-4
14850 9.157509157509158E-4
18946 0.0015262515262515263
6658 6.105006105006105E-4
10756 3.0525030525030525E-4
29189 6.105006105006105E-4
16904 6.105006105006105E-4
25098 6.105006105006105E-4
4619 3.0525030525030525E-4
21004 0.001221001221001221
2574 3.0525030525030525E-4
27151 6.105006105006105E-4
6672 3.0525030525030525E-4
12817 3.0525030525030525E-4
10772 3.0525030525030525E-4
23061 3.0525030525030525E-4
31255 9.157509157509158E-4
18969 3.0525030525030525E-4
10780 3.0525030525030525E-4
12830 3.0525030525030525E-4
543 9.157509157509158E-4
27168 6.105006105006105E-4
2593 3.0525030525030525E-4
14882 6.105006105006105E-4
21027 3.0525030525030525E-4
4644 0.001221001221001221
8741 0.001221001221001221
549 3.0525030525030525E-4
10789 3.0525030525030525E-4
27175 3.0525030525030525E-4
16938 3.0525030525030525E-4
23082 3.0525030525030525E-4
27178 3.0525030525030525E-4
31280 6.105006105006105E-4
6707 6.105006105006105E-4
18996 9.157509157509158E-4
10804 9.157509157509158E-4
4660 3.0525030525030525E-4
12852 3.0525030525030525E-4
25145 9.157509157509158E-4
21049 3.0525030525030525E-4
31295 9.157509157509158E-4
12863 9.157509157509158E-4
14911 6.105006105006105E-4
4674 3.0525030525030525E-4
29252 0.001221001221001221
25156 6.105006105006105E-4
2629 3.0525030525030525E-4
16965 3.0525030525030525E-4
23111 9.157509157509158E-4
4679 3.0525030525030525E-4
584 9.157509157509158E-4
12874 3.0525030525030525E-4
8779 9.157509157509158E-4
14924 6.105006105006105E-4
2636 3.0525030525030525E-4
21068 3.0525030525030525E-4
19021 0.001221001221001221
10829 6.105006105006105E-4
4685 3.0525030525030525E-4
29263 9.157509157509158E-4
16975 3.0525030525030525E-4
25169 3.0525030525030525E-4
31314 6.105006105006105E-4
16978 3.0525030525030525E-4
595 3.0525030525030525E-4
27220 9.157509157509158E-4
12886 3.0525030525030525E-4
4696 3.0525030525030525E-4
27225 6.105006105006105E-4
10841 9.157509157509158E-4
2649 6.105006105006105E-4
23129 6.105006105006105E-4
23133 3.0525030525030525E-4
10846 3.0525030525030525E-4
6753 9.157509157509158E-4
14945 3.0525030525030525E-4
609 3.0525030525030525E-4
31330 9.157509157509158E-4
29283 9.157509157509158E-4
10852 3.0525030525030525E-4
27238 3.0525030525030525E-4
8808 3.0525030525030525E-4
27243 3.0525030525030525E-4
23149 3.0525030525030525E-4
27245 3.0525030525030525E-4
21104 3.0525030525030525E-4
625 6.105006105006105E-4
2673 9.157509157509158E-4
19057 3.0525030525030525E-4
29297 3.0525030525030525E-4
12914 3.0525030525030525E-4
25204 3.0525030525030525E-4
27254 3.0525030525030525E-4
21113 3.0525030525030525E-4
6777 3.0525030525030525E-4
23167 6.105006105006105E-4
31360 6.105006105006105E-4
6785 6.105006105006105E-4
27268 3.0525030525030525E-4
23173 3.0525030525030525E-4
8841 0.0015262515262515263
19083 3.0525030525030525E-4
4748 3.0525030525030525E-4
25229 3.0525030525030525E-4
27281 6.105006105006105E-4
29329 9.157509157509158E-4
10898 9.157509157509158E-4
17043 9.157509157509158E-4
12949 6.105006105006105E-4
661 6.105006105006105E-4
21142 0.0015262515262515263
31386 3.0525030525030525E-4
25242 3.0525030525030525E-4
15003 0.0018315018315018315
6811 3.0525030525030525E-4
29340 3.0525030525030525E-4
2716 0.001221001221001221
15006 3.0525030525030525E-4
2722 3.0525030525030525E-4
4771 9.157509157509158E-4
17059 3.0525030525030525E-4
31397 6.105006105006105E-4
678 6.105006105006105E-4
15018 3.0525030525030525E-4
683 3.0525030525030525E-4
27307 3.0525030525030525E-4
6831 9.157509157509158E-4
31407 3.0525030525030525E-4
15023 3.0525030525030525E-4
23217 6.105006105006105E-4
689 3.0525030525030525E-4
17075 3.0525030525030525E-4
2740 0.001221001221001221
21173 6.105006105006105E-4
29365 9.157509157509158E-4
27319 9.157509157509158E-4
19129 0.0018315018315018315
21181 6.105006105006105E-4
12992 6.105006105006105E-4
29376 6.105006105006105E-4
10945 6.105006105006105E-4
706 3.0525030525030525E-4
25284 0.0015262515262515263
29382 6.105006105006105E-4
10953 6.105006105006105E-4
31435 3.0525030525030525E-4
15055 9.157509157509158E-4
721 3.0525030525030525E-4
17106 6.105006105006105E-4
722 3.0525030525030525E-4
19155 3.0525030525030525E-4
2772 3.0525030525030525E-4
8917 9.157509157509158E-4
27351 6.105006105006105E-4
23255 3.0525030525030525E-4
727 3.0525030525030525E-4
31449 6.105006105006105E-4
2779 3.0525030525030525E-4
21212 0.001221001221001221
10972 6.105006105006105E-4
27356 3.0525030525030525E-4
6877 6.105006105006105E-4
29406 6.105006105006105E-4
6882 3.0525030525030525E-4
21218 3.0525030525030525E-4
15075 3.0525030525030525E-4
25319 6.105006105006105E-4
4840 0.001221001221001221
23274 0.001221001221001221
17130 6.105006105006105E-4
6899 3.0525030525030525E-4
15092 9.157509157509158E-4
21246 3.0525030525030525E-4
8962 0.001221001221001221
29442 9.157509157509158E-4
19203 0.001221001221001221
17156 9.157509157509158E-4
773 9.157509157509158E-4
2822 3.0525030525030525E-4
6918 3.0525030525030525E-4
25353 6.105006105006105E-4
27401 6.105006105006105E-4
23305 3.0525030525030525E-4
11019 6.105006105006105E-4
31501 0.001221001221001221
783 3.0525030525030525E-4
11025 6.105006105006105E-4
8979 3.0525030525030525E-4
2836 9.157509157509158E-4
790 3.0525030525030525E-4
21274 3.0525030525030525E-4
15130 3.0525030525030525E-4
25371 3.0525030525030525E-4
4892 0.001221001221001221
2845 3.0525030525030525E-4
6942 3.0525030525030525E-4
2848 3.0525030525030525E-4
11045 6.105006105006105E-4
19239 9.157509157509158E-4
17192 3.0525030525030525E-4
31530 0.001221001221001221
15148 3.0525030525030525E-4
17198 3.0525030525030525E-4
815 3.0525030525030525E-4
29488 0.001221001221001221
23344 9.157509157509158E-4
27441 6.105006105006105E-4
4915 3.0525030525030525E-4
25397 6.105006105006105E-4
2869 3.0525030525030525E-4
2870 3.0525030525030525E-4
21303 6.105006105006105E-4
31543 6.105006105006105E-4
17209 6.105006105006105E-4
25401 3.0525030525030525E-4
6970 6.105006105006105E-4
15162 3.0525030525030525E-4
21308 3.0525030525030525E-4
31553 3.0525030525030525E-4
4929 3.0525030525030525E-4
833 3.0525030525030525E-4
23363 3.0525030525030525E-4
2883 3.0525030525030525E-4
13124 0.0015262515262515263
17222 3.0525030525030525E-4
9033 0.0015262515262515263
25417 3.0525030525030525E-4
842 3.0525030525030525E-4
2892 3.0525030525030525E-4
19276 9.157509157509158E-4
15183 6.105006105006105E-4
17231 3.0525030525030525E-4
27473 3.0525030525030525E-4
849 6.105006105006105E-4
31569 3.0525030525030525E-4
11090 3.0525030525030525E-4
25430 3.0525030525030525E-4
854 3.0525030525030525E-4
29528 0.0018315018315018315
27481 3.0525030525030525E-4
9051 3.0525030525030525E-4
13150 6.105006105006105E-4
21343 0.001221001221001221
17247 3.0525030525030525E-4
31585 6.105006105006105E-4
4962 6.105006105006105E-4
2915 0.0015262515262515263
25443 3.0525030525030525E-4
19301 6.105006105006105E-4
23398 9.157509157509158E-4
870 6.105006105006105E-4
872 3.0525030525030525E-4
17258 6.105006105006105E-4
7024 0.002136752136752137
19312 3.0525030525030525E-4
4977 6.105006105006105E-4
23409 9.157509157509158E-4
11121 9.157509157509158E-4
7028 3.0525030525030525E-4
2935 9.157509157509158E-4
29560 6.105006105006105E-4
11129 3.0525030525030525E-4
25466 3.0525030525030525E-4
7036 3.0525030525030525E-4
9086 0.0015262515262515263
19327 3.0525030525030525E-4
15231 3.0525030525030525E-4
17280 3.0525030525030525E-4
11136 3.0525030525030525E-4
31619 3.0525030525030525E-4
4996 3.0525030525030525E-4
902 3.0525030525030525E-4
7047 3.0525030525030525E-4
9098 3.0525030525030525E-4
907 3.0525030525030525E-4
25483 3.0525030525030525E-4
27532 0.0018315018315018315
29582 6.105006105006105E-4
23438 6.105006105006105E-4
27535 3.0525030525030525E-4
11151 6.105006105006105E-4
29585 6.105006105006105E-4
31633 3.0525030525030525E-4
27541 3.0525030525030525E-4
11159 6.105006105006105E-4
21399 3.0525030525030525E-4
5019 6.105006105006105E-4
2974 0.0018315018315018315
29598 6.105006105006105E-4
926 3.0525030525030525E-4
5025 6.105006105006105E-4
19361 3.0525030525030525E-4
2977 3.0525030525030525E-4
27553 3.0525030525030525E-4
23459 3.0525030525030525E-4
31652 3.0525030525030525E-4
25511 3.0525030525030525E-4
7079 3.0525030525030525E-4
15275 6.105006105006105E-4
2988 3.0525030525030525E-4
9132 6.105006105006105E-4
15277 3.0525030525030525E-4
31662 6.105006105006105E-4
2990 3.0525030525030525E-4
945 6.105006105006105E-4
7089 9.157509157509158E-4
17329 6.105006105006105E-4
15281 3.0525030525030525E-4
25522 3.0525030525030525E-4
13235 0.002442002442002442
948 3.0525030525030525E-4
25525 3.0525030525030525E-4
29622 9.157509157509158E-4
19382 6.105006105006105E-4
15289 6.105006105006105E-4
21435 6.105006105006105E-4
956 3.0525030525030525E-4
13244 3.0525030525030525E-4
9149 3.0525030525030525E-4
23486 0.0015262515262515263
11199 0.002442002442002442
7103 6.105006105006105E-4
27587 0.001221001221001221
13251 3.0525030525030525E-4
7109 6.105006105006105E-4
3014 6.105006105006105E-4
29638 9.157509157509158E-4
9161 3.0525030525030525E-4
7114 3.0525030525030525E-4
17355 6.105006105006105E-4
11211 3.0525030525030525E-4
23499 6.105006105006105E-4
31693 6.105006105006105E-4
25550 6.105006105006105E-4
19406 6.105006105006105E-4
15311 6.105006105006105E-4
31697 3.0525030525030525E-4
5074 0.001221001221001221
11220 6.105006105006105E-4
19415 6.105006105006105E-4
3033 9.157509157509158E-4
11225 3.0525030525030525E-4
23514 0.001221001221001221
27610 6.105006105006105E-4
31707 3.0525030525030525E-4
5083 3.0525030525030525E-4
17372 3.0525030525030525E-4
19420 3.0525030525030525E-4
25566 3.0525030525030525E-4
990 9.157509157509158E-4
23520 3.0525030525030525E-4
9185 6.105006105006105E-4
15334 3.0525030525030525E-4
25577 3.0525030525030525E-4
3050 6.105006105006105E-4
15343 6.105006105006105E-4
17393 3.0525030525030525E-4
13298 6.105006105006105E-4
17394 3.0525030525030525E-4
29683 0.0015262515262515263
5108 9.157509157509158E-4
19445 0.0015262515262515263
23541 6.105006105006105E-4
31733 3.0525030525030525E-4
1014 3.0525030525030525E-4
31735 3.0525030525030525E-4
21495 0.0027472527472527475
15357 9.157509157509158E-4
17406 6.105006105006105E-4
13310 3.0525030525030525E-4
25599 9.157509157509158E-4
27651 0.001221001221001221
25603 3.0525030525030525E-4
9220 6.105006105006105E-4
21508 3.0525030525030525E-4
3078 6.105006105006105E-4
11273 9.157509157509158E-4
1033 6.105006105006105E-4
7179 0.002442002442002442
9227 6.105006105006105E-4
29712 9.157509157509158E-4
15377 6.105006105006105E-4
1041 3.0525030525030525E-4
3090 3.0525030525030525E-4
31763 3.0525030525030525E-4
19477 6.105006105006105E-4
3095 3.0525030525030525E-4
29722 3.0525030525030525E-4
17436 0.001221001221001221
27679 0.001221001221001221
1056 3.0525030525030525E-4
29728 3.0525030525030525E-4
3104 3.0525030525030525E-4
7201 3.0525030525030525E-4
11301 6.105006105006105E-4
5158 3.0525030525030525E-4
27687 6.105006105006105E-4
9256 9.157509157509158E-4
1064 3.0525030525030525E-4
31785 6.105006105006105E-4
21547 9.157509157509158E-4
31791 6.105006105006105E-4
15409 3.0525030525030525E-4
13363 0.0015262515262515263
29747 3.0525030525030525E-4
1076 3.0525030525030525E-4
11318 3.0525030525030525E-4
23607 0.001221001221001221
25659 6.105006105006105E-4
29756 6.105006105006105E-4
27708 3.0525030525030525E-4
31804 3.0525030525030525E-4
7231 6.105006105006105E-4
1089 6.105006105006105E-4
19522 6.105006105006105E-4
3138 9.157509157509158E-4
21573 9.157509157509158E-4
23622 3.0525030525030525E-4
15431 3.0525030525030525E-4
1097 3.0525030525030525E-4
29771 6.105006105006105E-4
25679 3.0525030525030525E-4
19538 9.157509157509158E-4
3154 3.0525030525030525E-4
1110 6.105006105006105E-4
3158 3.0525030525030525E-4
11351 9.157509157509158E-4
23641 3.0525030525030525E-4
21594 6.105006105006105E-4
19547 6.105006105006105E-4
27739 3.0525030525030525E-4
31835 3.0525030525030525E-4
15451 3.0525030525030525E-4
1118 9.157509157509158E-4
7262 6.105006105006105E-4
25696 6.105006105006105E-4
9313 6.105006105006105E-4
27748 3.0525030525030525E-4
29797 6.105006105006105E-4
3178 0.001221001221001221
11370 3.0525030525030525E-4
27754 3.0525030525030525E-4
5227 9.157509157509158E-4
17518 3.0525030525030525E-4
15474 0.001221001221001221
1138 9.157509157509158E-4
9334 3.0525030525030525E-4
19575 0.001221001221001221
17530 6.105006105006105E-4
13434 6.105006105006105E-4
11388 6.105006105006105E-4
23676 6.105006105006105E-4
29820 3.0525030525030525E-4
5247 3.0525030525030525E-4
25730 0.001221001221001221
15492 3.0525030525030525E-4
5253 3.0525030525030525E-4
9349 3.0525030525030525E-4
25733 3.0525030525030525E-4
7302 6.105006105006105E-4
17542 3.0525030525030525E-4
3208 6.105006105006105E-4
27784 3.0525030525030525E-4
9353 3.0525030525030525E-4
21642 0.0015262515262515263
23690 6.105006105006105E-4
1162 6.105006105006105E-4
17548 3.0525030525030525E-4
15502 9.157509157509158E-4
25743 6.105006105006105E-4
1167 3.0525030525030525E-4
9359 3.0525030525030525E-4
21652 3.0525030525030525E-4
1173 3.0525030525030525E-4
5269 3.0525030525030525E-4
31893 3.0525030525030525E-4
23702 3.0525030525030525E-4
13464 3.0525030525030525E-4
15513 6.105006105006105E-4
17561 6.105006105006105E-4
15515 3.0525030525030525E-4
7323 6.105006105006105E-4
21660 3.0525030525030525E-4
1182 3.0525030525030525E-4
27807 3.0525030525030525E-4
19617 6.105006105006105E-4
13474 3.0525030525030525E-4
31908 3.0525030525030525E-4
29863 3.0525030525030525E-4
15529 6.105006105006105E-4
7337 3.0525030525030525E-4
13481 3.0525030525030525E-4
25770 6.105006105006105E-4
11435 6.105006105006105E-4
3244 0.001221001221001221
23725 9.157509157509158E-4
5296 9.157509157509158E-4
31920 9.157509157509158E-4
7344 6.105006105006105E-4
9395 9.157509157509158E-4
1203 3.0525030525030525E-4
21684 0.001221001221001221
5301 3.0525030525030525E-4
25782 6.105006105006105E-4
13497 3.0525030525030525E-4
3259 6.105006105006105E-4
17597 9.157509157509158E-4
21693 3.0525030525030525E-4
19646 6.105006105006105E-4
7359 3.0525030525030525E-4
13503 3.0525030525030525E-4
31936 3.0525030525030525E-4
23745 6.105006105006105E-4
17602 3.0525030525030525E-4
3266 3.0525030525030525E-4
25796 3.0525030525030525E-4
15559 6.105006105006105E-4
29895 6.105006105006105E-4
27848 0.001221001221001221
19656 3.0525030525030525E-4
1228 6.105006105006105E-4
7373 6.105006105006105E-4
9424 3.0525030525030525E-4
31953 6.105006105006105E-4
3282 3.0525030525030525E-4
19668 3.0525030525030525E-4
21716 3.0525030525030525E-4
3288 3.0525030525030525E-4
11481 0.001221001221001221
27865 3.0525030525030525E-4
5339 9.157509157509158E-4
7387 3.0525030525030525E-4
3292 3.0525030525030525E-4
17628 6.105006105006105E-4
9437 3.0525030525030525E-4
23773 3.0525030525030525E-4
31966 3.0525030525030525E-4
15583 6.105006105006105E-4
11492 3.0525030525030525E-4
17637 3.0525030525030525E-4
1254 3.0525030525030525E-4
25831 0.001221001221001221
1257 3.0525030525030525E-4
9449 6.105006105006105E-4
27882 3.0525030525030525E-4
3307 6.105006105006105E-4
17646 3.0525030525030525E-4
29935 6.105006105006105E-4
3313 3.0525030525030525E-4
13555 0.0018315018315018315
21751 0.0015262515262515263
15607 3.0525030525030525E-4
1272 3.0525030525030525E-4
25850 6.105006105006105E-4
5374 6.105006105006105E-4
31999 9.157509157509158E-4
19712 3.0525030525030525E-4
9473 6.105006105006105E-4
3329 3.0525030525030525E-4
17669 6.105006105006105E-4
1286 3.0525030525030525E-4
13575 0.001221001221001221
5390 3.0525030525030525E-4
32015 3.0525030525030525E-4
3344 3.0525030525030525E-4
15633 6.105006105006105E-4
11538 6.105006105006105E-4
25874 6.105006105006105E-4
17683 3.0525030525030525E-4
29971 3.0525030525030525E-4
3349 3.0525030525030525E-4
1302 3.0525030525030525E-4
21782 3.0525030525030525E-4
5398 6.105006105006105E-4
32022 3.0525030525030525E-4
17689 3.0525030525030525E-4
19739 9.157509157509158E-4
13596 3.0525030525030525E-4
21789 6.105006105006105E-4
3357 3.0525030525030525E-4
17697 3.0525030525030525E-4
5410 3.0525030525030525E-4
23843 3.0525030525030525E-4
27940 9.157509157509158E-4
5416 3.0525030525030525E-4
25897 9.157509157509158E-4
15658 3.0525030525030525E-4
7467 0.0015262515262515263
15659 3.0525030525030525E-4
32045 3.0525030525030525E-4
29998 9.157509157509158E-4
3375 3.0525030525030525E-4
5426 6.105006105006105E-4
32052 3.0525030525030525E-4
19767 0.001221001221001221
9528 0.001221001221001221
27960 3.0525030525030525E-4
30009 3.0525030525030525E-4
23867 6.105006105006105E-4
13627 3.0525030525030525E-4
17724 3.0525030525030525E-4
11584 0.001221001221001221
21826 0.001221001221001221
23874 3.0525030525030525E-4
1348 6.105006105006105E-4
15685 9.157509157509158E-4
13638 9.157509157509158E-4
1351 3.0525030525030525E-4
32073 3.0525030525030525E-4
11595 3.0525030525030525E-4
21836 3.0525030525030525E-4
5453 0.0015262515262515263
15694 3.0525030525030525E-4
9550 3.0525030525030525E-4
17743 6.105006105006105E-4
3407 3.0525030525030525E-4
25938 6.105006105006105E-4
27987 6.105006105006105E-4
25941 6.105006105006105E-4
7517 6.105006105006105E-4
30046 3.0525030525030525E-4
21855 6.105006105006105E-4
9567 3.0525030525030525E-4
23904 3.0525030525030525E-4
1376 3.0525030525030525E-4
11620 3.0525030525030525E-4
19812 9.157509157509158E-4
30052 3.0525030525030525E-4
25957 3.0525030525030525E-4
19818 3.0525030525030525E-4
32108 3.0525030525030525E-4
5486 3.0525030525030525E-4
7535 9.157509157509158E-4
21871 3.0525030525030525E-4
28016 3.0525030525030525E-4
3442 9.157509157509158E-4
1396 6.105006105006105E-4
11638 6.105006105006105E-4
30071 3.0525030525030525E-4
23928 3.0525030525030525E-4
13689 9.157509157509158E-4
17785 3.0525030525030525E-4
15741 6.105006105006105E-4
13694 3.0525030525030525E-4
3454 3.0525030525030525E-4
32127 3.0525030525030525E-4
7551 3.0525030525030525E-4
25984 6.105006105006105E-4
17792 6.105006105006105E-4
19843 9.157509157509158E-4
30083 6.105006105006105E-4
3459 3.0525030525030525E-4
21892 3.0525030525030525E-4
11654 3.0525030525030525E-4
13703 3.0525030525030525E-4
25993 6.105006105006105E-4
1421 6.105006105006105E-4
5517 6.105006105006105E-4
28046 6.105006105006105E-4
7568 3.0525030525030525E-4
17810 6.105006105006105E-4
5524 3.0525030525030525E-4
13716 3.0525030525030525E-4
15766 3.0525030525030525E-4
7575 6.105006105006105E-4
17817 3.0525030525030525E-4
11674 3.0525030525030525E-4
21915 0.001221001221001221
9627 6.105006105006105E-4
19868 3.0525030525030525E-4
26016 3.0525030525030525E-4
1440 6.105006105006105E-4
30114 3.0525030525030525E-4
9634 3.0525030525030525E-4
15778 3.0525030525030525E-4
3491 9.157509157509158E-4
28067 3.0525030525030525E-4
1443 3.0525030525030525E-4
7589 3.0525030525030525E-4
11687 3.0525030525030525E-4
23978 6.105006105006105E-4
26026 6.105006105006105E-4
19885 3.0525030525030525E-4
28078 3.0525030525030525E-4
17842 6.105006105006105E-4
21939 6.105006105006105E-4
28088 3.0525030525030525E-4
5560 3.0525030525030525E-4
1466 6.105006105006105E-4
30140 3.0525030525030525E-4
32189 0.001221001221001221
9665 0.001221001221001221
32195 3.0525030525030525E-4
3524 9.157509157509158E-4
30152 3.0525030525030525E-4
7626 3.0525030525030525E-4
9675 3.0525030525030525E-4
11724 0.001221001221001221
1486 9.157509157509158E-4
32207 3.0525030525030525E-4
28111 3.0525030525030525E-4
30162 3.0525030525030525E-4
13778 0.002136752136752137
28115 3.0525030525030525E-4
26068 9.157509157509158E-4
24026 0.001221001221001221
1500 3.0525030525030525E-4
15839 0.0015262515262515263
32223 6.105006105006105E-4
21984 3.0525030525030525E-4
26080 3.0525030525030525E-4
30178 3.0525030525030525E-4
19940 9.157509157509158E-4
7652 3.0525030525030525E-4
11751 6.105006105006105E-4
5609 0.0015262515262515263
24042 3.0525030525030525E-4
13804 3.0525030525030525E-4
17901 0.0015262515262515263
15856 3.0525030525030525E-4
7666 3.0525030525030525E-4
3570 6.105006105006105E-4
19954 3.0525030525030525E-4
11766 3.0525030525030525E-4
26104 6.105006105006105E-4
19960 3.0525030525030525E-4
30201 6.105006105006105E-4
22009 3.0525030525030525E-4
11777 6.105006105006105E-4
32258 3.0525030525030525E-4
28162 6.105006105006105E-4
26115 3.0525030525030525E-4
30213 3.0525030525030525E-4
13830 9.157509157509158E-4
3591 6.105006105006105E-4
11784 6.105006105006105E-4
1546 0.0015262515262515263
5643 0.0015262515262515263
3597 3.0525030525030525E-4
30223 6.105006105006105E-4
28175 3.0525030525030525E-4
7698 6.105006105006105E-4
5651 3.0525030525030525E-4
19989 6.105006105006105E-4
22037 3.0525030525030525E-4
17941 3.0525030525030525E-4
24089 0.0015262515262515263
32281 3.0525030525030525E-4
3609 3.0525030525030525E-4
9754 0.0015262515262515263
7708 3.0525030525030525E-4
5661 3.0525030525030525E-4
30238 6.105006105006105E-4
13854 3.0525030525030525E-4
3615 3.0525030525030525E-4
17954 3.0525030525030525E-4
20002 3.0525030525030525E-4
1571 6.105006105006105E-4
15908 6.105006105006105E-4
7716 3.0525030525030525E-4
11815 0.0015262515262515263
26151 3.0525030525030525E-4
24103 3.0525030525030525E-4
28202 3.0525030525030525E-4
1580 6.105006105006105E-4
7725 3.0525030525030525E-4
11822 6.105006105006105E-4
30255 6.105006105006105E-4
1583 3.0525030525030525E-4
3632 3.0525030525030525E-4
13873 6.105006105006105E-4
5681 9.157509157509158E-4
7730 6.105006105006105E-4
5683 3.0525030525030525E-4
15924 9.157509157509158E-4
11828 3.0525030525030525E-4
32310 9.157509157509158E-4
13878 3.0525030525030525E-4
5687 3.0525030525030525E-4
1592 3.0525030525030525E-4
9788 0.001221001221001221
28222 9.157509157509158E-4
17982 9.157509157509158E-4
26175 3.0525030525030525E-4
3647 3.0525030525030525E-4
11840 3.0525030525030525E-4
5698 3.0525030525030525E-4
7748 6.105006105006105E-4
30278 3.0525030525030525E-4
15943 6.105006105006105E-4
20039 9.157509157509158E-4
13898 9.157509157509158E-4
22090 0.0015262515262515263
9802 3.0525030525030525E-4
1611 9.157509157509158E-4
30283 3.0525030525030525E-4
32332 3.0525030525030525E-4
3661 6.105006105006105E-4
30288 3.0525030525030525E-4
26192 3.0525030525030525E-4
24145 6.105006105006105E-4
15954 3.0525030525030525E-4
18003 3.0525030525030525E-4
28245 3.0525030525030525E-4
18005 3.0525030525030525E-4
5718 9.157509157509158E-4
26199 6.105006105006105E-4
7767 3.0525030525030525E-4
11864 0.001221001221001221
3673 3.0525030525030525E-4
30298 6.105006105006105E-4
7771 3.0525030525030525E-4
32349 3.0525030525030525E-4
30302 3.0525030525030525E-4
5726 3.0525030525030525E-4
24160 9.157509157509158E-4
26210 6.105006105006105E-4
9827 0.001221001221001221
13923 9.157509157509158E-4
15974 6.105006105006105E-4
30310 3.0525030525030525E-4
11878 3.0525030525030525E-4
18025 3.0525030525030525E-4
5738 3.0525030525030525E-4
32362 3.0525030525030525E-4
9837 3.0525030525030525E-4
13935 3.0525030525030525E-4
28275 6.105006105006105E-4
22131 6.105006105006105E-4
11891 3.0525030525030525E-4
7795 3.0525030525030525E-4
22132 3.0525030525030525E-4
20087 0.001221001221001221
28285 3.0525030525030525E-4
3710 6.105006105006105E-4
26240 6.105006105006105E-4
1664 9.157509157509158E-4
16001 3.0525030525030525E-4
32386 6.105006105006105E-4
9861 6.105006105006105E-4
5765 3.0525030525030525E-4
18054 6.105006105006105E-4
24198 3.0525030525030525E-4
32391 3.0525030525030525E-4
20105 6.105006105006105E-4
16011 3.0525030525030525E-4
13966 9.157509157509158E-4
3726 6.105006105006105E-4
30350 9.157509157509158E-4
1678 3.0525030525030525E-4
28302 6.105006105006105E-4
24207 3.0525030525030525E-4
26255 3.0525030525030525E-4
22163 6.105006105006105E-4
30356 9.157509157509158E-4
1684 3.0525030525030525E-4
11925 6.105006105006105E-4
1686 3.0525030525030525E-4
28311 3.0525030525030525E-4
18072 0.001221001221001221
7833 0.001221001221001221
26266 3.0525030525030525E-4
30362 3.0525030525030525E-4
20125 3.0525030525030525E-4
9889 9.157509157509158E-4
18081 3.0525030525030525E-4
13986 3.0525030525030525E-4
24228 3.0525030525030525E-4
26277 3.0525030525030525E-4
32424 0.0015262515262515263
20136 3.0525030525030525E-4
7848 6.105006105006105E-4
16044 6.105006105006105E-4
11952 6.105006105006105E-4
3761 0.001221001221001221
18100 3.0525030525030525E-4
22196 3.0525030525030525E-4
9909 3.0525030525030525E-4
1718 6.105006105006105E-4
26296 3.0525030525030525E-4
30393 6.105006105006105E-4
5818 0.0018315018315018315
9914 3.0525030525030525E-4
3771 3.0525030525030525E-4
14011 3.0525030525030525E-4
24253 3.0525030525030525E-4
7869 9.157509157509158E-4
22205 3.0525030525030525E-4
1725 3.0525030525030525E-4
9918 3.0525030525030525E-4
5827 3.0525030525030525E-4
9924 3.0525030525030525E-4
14021 9.157509157509158E-4
30406 3.0525030525030525E-4
18120 9.157509157509158E-4
20171 0.001221001221001221
14028 3.0525030525030525E-4
26319 9.157509157509158E-4
22224 3.0525030525030525E-4
3792 3.0525030525030525E-4
7889 6.105006105006105E-4
20182 3.0525030525030525E-4
16086 0.001221001221001221
14038 3.0525030525030525E-4
14041 3.0525030525030525E-4
1756 6.105006105006105E-4
3804 3.0525030525030525E-4
24286 9.157509157509158E-4
22238 9.157509157509158E-4
18144 6.105006105006105E-4
12001 0.001221001221001221
30433 3.0525030525030525E-4
14050 6.105006105006105E-4
32483 6.105006105006105E-4
5860 9.157509157509158E-4
7909 3.0525030525030525E-4
28390 6.105006105006105E-4
24294 3.0525030525030525E-4
32487 6.105006105006105E-4
1772 3.0525030525030525E-4
16108 3.0525030525030525E-4
5872 6.105006105006105E-4
22257 3.0525030525030525E-4
3826 3.0525030525030525E-4
20210 6.105006105006105E-4
30452 9.157509157509158E-4
18164 3.0525030525030525E-4
7924 3.0525030525030525E-4
1784 3.0525030525030525E-4
30459 3.0525030525030525E-4
24316 6.105006105006105E-4
32508 6.105006105006105E-4
9981 3.0525030525030525E-4
14078 3.0525030525030525E-4
16128 3.0525030525030525E-4
9989 3.0525030525030525E-4
7941 3.0525030525030525E-4
5896 3.0525030525030525E-4
26376 6.105006105006105E-4
28424 6.105006105006105E-4
3849 3.0525030525030525E-4
28425 3.0525030525030525E-4
9997 3.0525030525030525E-4
30478 0.001221001221001221
1806 6.105006105006105E-4
32526 3.0525030525030525E-4
20239 0.001221001221001221
22288 0.0015262515262515263
30483 3.0525030525030525E-4
18196 9.157509157509158E-4
16149 6.105006105006105E-4
30486 6.105006105006105E-4
5913 3.0525030525030525E-4
3866 3.0525030525030525E-4
26394 0.0015262515262515263
28444 0.001221001221001221
12062 0.002136752136752137
10014 3.0525030525030525E-4
1823 9.157509157509158E-4
20257 3.0525030525030525E-4
14115 0.001221001221001221
30501 3.0525030525030525E-4
20262 3.0525030525030525E-4
16166 3.0525030525030525E-4
22311 0.001221001221001221
3879 3.0525030525030525E-4
18216 9.157509157509158E-4
7976 6.105006105006105E-4
32553 3.0525030525030525E-4
20267 6.105006105006105E-4
7983 6.105006105006105E-4
16176 3.0525030525030525E-4
18226 3.0525030525030525E-4
3890 6.105006105006105E-4
7987 3.0525030525030525E-4
10038 3.0525030525030525E-4
26425 0.001221001221001221
32569 3.0525030525030525E-4
22330 6.105006105006105E-4
5948 9.157509157509158E-4
10046 9.157509157509158E-4
24382 9.157509157509158E-4
28478 6.105006105006105E-4
12095 0.001221001221001221
14143 6.105006105006105E-4
14144 3.0525030525030525E-4
8000 3.0525030525030525E-4
30529 0.001221001221001221
14148 3.0525030525030525E-4
5958 3.0525030525030525E-4
1864 6.105006105006105E-4
16201 6.105006105006105E-4
28491 3.0525030525030525E-4
22348 0.002136752136752137
3916 6.105006105006105E-4
30541 6.105006105006105E-4
10063 3.0525030525030525E-4
32592 3.0525030525030525E-4
20305 3.0525030525030525E-4
1873 3.0525030525030525E-4
5969 3.0525030525030525E-4
12114 0.001221001221001221
8018 3.0525030525030525E-4
14163 3.0525030525030525E-4
10067 3.0525030525030525E-4
3927 3.0525030525030525E-4
26456 0.001221001221001221
30552 3.0525030525030525E-4
20313 3.0525030525030525E-4
28506 6.105006105006105E-4
16220 9.157509157509158E-4
14173 6.105006105006105E-4
20322 3.0525030525030525E-4
5987 3.0525030525030525E-4
32612 9.157509157509158E-4
18277 9.157509157509158E-4
26471 6.105006105006105E-4
5994 6.105006105006105E-4
3946 6.105006105006105E-4
22379 3.0525030525030525E-4
10091 3.0525030525030525E-4
30574 3.0525030525030525E-4
8047 9.157509157509158E-4
12145 6.105006105006105E-4
10098 3.0525030525030525E-4
20338 6.105006105006105E-4
8052 3.0525030525030525E-4
20341 3.0525030525030525E-4
22391 3.0525030525030525E-4
1911 3.0525030525030525E-4
3961 3.0525030525030525E-4
12154 3.0525030525030525E-4
18300 9.157509157509158E-4
18301 3.0525030525030525E-4
24446 6.105006105006105E-4
16255 3.0525030525030525E-4
30592 6.105006105006105E-4
1921 3.0525030525030525E-4
3969 3.0525030525030525E-4
28545 3.0525030525030525E-4
20356 6.105006105006105E-4
14214 9.157509157509158E-4
16264 6.105006105006105E-4
3977 3.0525030525030525E-4
14219 3.0525030525030525E-4
10123 3.0525030525030525E-4
26509 6.105006105006105E-4
32654 0.001221001221001221
20366 3.0525030525030525E-4
8079 3.0525030525030525E-4
24465 6.105006105006105E-4
10130 3.0525030525030525E-4
28562 3.0525030525030525E-4
30610 0.001221001221001221
3987 3.0525030525030525E-4
18324 3.0525030525030525E-4
1943 6.105006105006105E-4
8087 3.0525030525030525E-4
6041 0.002136752136752137
10140 3.0525030525030525E-4
28573 3.0525030525030525E-4
3998 6.105006105006105E-4
20382 6.105006105006105E-4
26531 6.105006105006105E-4
18340 3.0525030525030525E-4
1957 6.105006105006105E-4
6054 3.0525030525030525E-4
14248 3.0525030525030525E-4
18345 3.0525030525030525E-4
4009 3.0525030525030525E-4
16298 6.105006105006105E-4
20395 6.105006105006105E-4
24494 3.0525030525030525E-4
30638 6.105006105006105E-4
8110 3.0525030525030525E-4
6062 3.0525030525030525E-4
22448 0.002136752136752137
4018 6.105006105006105E-4
18355 3.0525030525030525E-4
28596 3.0525030525030525E-4
20404 3.0525030525030525E-4
32693 3.0525030525030525E-4
12215 6.105006105006105E-4
10168 9.157509157509158E-4
8122 9.157509157509158E-4
30650 6.105006105006105E-4
12219 6.105006105006105E-4
16319 6.105006105006105E-4
4031 3.0525030525030525E-4
24515 6.105006105006105E-4
14277 6.105006105006105E-4
22472 3.0525030525030525E-4
18378 6.105006105006105E-4
26570 6.105006105006105E-4
6090 9.157509157509158E-4
20429 6.105006105006105E-4
12238 6.105006105006105E-4
14288 3.0525030525030525E-4
8144 9.157509157509158E-4
10192 6.105006105006105E-4
22480 6.105006105006105E-4
16340 6.105006105006105E-4
2004 3.0525030525030525E-4
28629 3.0525030525030525E-4
32728 0.001221001221001221
28632 3.0525030525030525E-4
24538 6.105006105006105E-4
30682 9.157509157509158E-4
14299 3.0525030525030525E-4
10204 3.0525030525030525E-4
8156 3.0525030525030525E-4
12253 3.0525030525030525E-4
2014 6.105006105006105E-4
10208 3.0525030525030525E-4
8160 3.0525030525030525E-4
16353 3.0525030525030525E-4
20451 3.0525030525030525E-4
28646 3.0525030525030525E-4
18408 6.105006105006105E-4
20458 3.0525030525030525E-4
24557 3.0525030525030525E-4
32750 6.105006105006105E-4
6126 3.0525030525030525E-4
2031 9.157509157509158E-4
26607 0.0015262515262515263
12271 3.0525030525030525E-4
30705 3.0525030525030525E-4
6129 3.0525030525030525E-4
20466 3.0525030525030525E-4
32757 3.0525030525030525E-4
28662 6.105006105006105E-4
20471 3.0525030525030525E-4
18424 6.105006105006105E-4
32760 6.105006105006105E-4
12281 3.0525030525030525E-4
30715 3.0525030525030525E-4
10235 3.0525030525030525E-4
6140 3.0525030525030525E-4
26623 3.0525030525030525E-4
