0 0.12614445574771108
18436 0.003051881993896236
16391 0.01017293997965412
11271 0.002034587995930824
1039 0.001017293997965412
30735 0.001017293997965412
27665 0.001017293997965412
24594 0.001017293997965412
21525 0.001017293997965412
3096 0.002034587995930824
22553 0.002034587995930824
5146 0.001017293997965412
20509 0.001017293997965412
24605 0.001017293997965412
29726 0.003051881993896236
9249 0.001017293997965412
25634 0.003051881993896236
7212 0.002034587995930824
2094 0.002034587995930824
29743 0.001017293997965412
12335 0.002034587995930824
31796 0.00508646998982706
23604 0.001017293997965412
19514 0.001017293997965412
8250 0.001017293997965412
26684 0.001017293997965412
17472 0.002034587995930824
28737 0.003051881993896236
1089 0.002034587995930824
18497 0.003051881993896236
14402 0.003051881993896236
19522 0.001017293997965412
24647 0.002034587995930824
11339 0.001017293997965412
16464 0.002034587995930824
2131 0.001017293997965412
87 0.004069175991861648
27735 0.001017293997965412
4189 0.002034587995930824
98 0.001017293997965412
26722 0.001017293997965412
6243 0.004069175991861648
8291 0.001017293997965412
13412 0.002034587995930824
2150 0.001017293997965412
22631 0.002034587995930824
1128 0.002034587995930824
21609 0.002034587995930824
21613 0.001017293997965412
3182 0.00508646998982706
2160 0.001017293997965412
24689 0.001017293997965412
117 0.001017293997965412
16505 0.002034587995930824
17530 0.001017293997965412
22651 0.001017293997965412
6268 0.001017293997965412
27773 0.001017293997965412
7297 0.003051881993896236
20611 0.003051881993896236
10372 0.006103763987792472
1158 0.001017293997965412
28808 0.003051881993896236
12427 0.002034587995930824
8333 0.001017293997965412
5264 0.002034587995930824
13457 0.002034587995930824
30865 0.004069175991861648
29842 0.002034587995930824
7316 0.001017293997965412
12439 0.001017293997965412
13466 0.001017293997965412
10395 0.001017293997965412
8347 0.001017293997965412
4251 0.001017293997965412
25758 0.001017293997965412
9375 0.001017293997965412
20643 0.001017293997965412
24740 0.001017293997965412
17573 0.001017293997965412
31910 0.002034587995930824
7338 0.001017293997965412
16556 0.002034587995930824
29870 0.001017293997965412
6320 0.002034587995930824
9392 0.001017293997965412
30897 0.001017293997965412
26802 0.002034587995930824
13491 0.001017293997965412
21683 0.001017293997965412
19636 0.001017293997965412
28853 0.001017293997965412
10422 0.002034587995930824
183 0.001017293997965412
5313 0.003051881993896236
23747 0.002034587995930824
6340 0.001017293997965412
10438 0.001017293997965412
20681 0.002034587995930824
1226 0.002034587995930824
11467 0.006103763987792472
28877 0.001017293997965412
4302 0.001017293997965412
12497 0.001017293997965412
26834 0.001017293997965412
14547 0.003051881993896236
16600 0.001017293997965412
27865 0.001017293997965412
6364 0.001017293997965412
19676 0.001017293997965412
13533 0.001017293997965412
28896 0.001017293997965412
20706 0.002034587995930824
8418 0.001017293997965412
1251 0.001017293997965412
23781 0.001017293997965412
2279 0.004069175991861648
6380 0.001017293997965412
24813 0.002034587995930824
10480 0.002034587995930824
19697 0.001017293997965412
22774 0.004069175991861648
13558 0.001017293997965412
26871 0.001017293997965412
29943 0.001017293997965412
25848 0.001017293997965412
3328 0.001017293997965412
15618 0.009155645981688708
21763 0.003051881993896236
27910 0.003051881993896236
30983 0.001017293997965412
5384 0.001017293997965412
32008 0.001017293997965412
8457 0.002034587995930824
28938 0.002034587995930824
18699 0.00508646998982706
22799 0.001017293997965412
11537 0.001017293997965412
16657 0.001017293997965412
26900 0.002034587995930824
24856 0.003051881993896236
6424 0.001017293997965412
17689 0.001017293997965412
286 0.001017293997965412
28959 0.001017293997965412
7458 0.001017293997965412
4387 0.002034587995930824
9516 0.002034587995930824
27950 0.001017293997965412
3377 0.001017293997965412
15667 0.002034587995930824
14643 0.001017293997965412
4404 0.001017293997965412
9524 0.001017293997965412
18748 0.003051881993896236
8516 0.004069175991861648
31044 0.003051881993896236
32070 0.002034587995930824
25932 0.002034587995930824
32076 0.001017293997965412
27984 0.001017293997965412
15696 0.001017293997965412
16722 0.001017293997965412
4435 0.002034587995930824
24917 0.001017293997965412
9558 0.001017293997965412
19807 0.008138351983723296
26983 0.002034587995930824
29033 0.001017293997965412
24939 0.001017293997965412
17783 0.001017293997965412
18809 0.001017293997965412
20859 0.002034587995930824
2429 0.002034587995930824
8574 0.001017293997965412
11647 0.003051881993896236
28034 0.001017293997965412
3461 0.002034587995930824
25991 0.003051881993896236
12680 0.00508646998982706
32136 0.002034587995930824
27020 0.001017293997965412
7564 0.002034587995930824
29068 0.001017293997965412
13709 0.002034587995930824
17806 0.001017293997965412
31121 0.001017293997965412
30098 0.003051881993896236
28051 0.001017293997965412
15766 0.001017293997965412
22935 0.004069175991861648
407 0.00508646998982706
9626 0.002034587995930824
19867 0.001017293997965412
16797 0.001017293997965412
6559 0.001017293997965412
4511 0.001017293997965412
21923 0.002034587995930824
27047 0.002034587995930824
17832 0.001017293997965412
8616 0.001017293997965412
426 0.002034587995930824
30123 0.001017293997965412
27053 0.001017293997965412
16814 0.001017293997965412
6575 0.001017293997965412
25008 0.001017293997965412
21939 0.001017293997965412
20917 0.002034587995930824
31160 0.001017293997965412
18874 0.001017293997965412
1472 0.00508646998982706
448 0.001017293997965412
25025 0.001017293997965412
27076 0.002034587995930824
13769 0.002034587995930824
12746 0.001017293997965412
6605 0.001017293997965412
4563 0.001017293997965412
10709 0.007121057985757884
11734 0.002034587995930824
27098 0.001017293997965412
28123 0.001017293997965412
14815 0.006103763987792472
2530 0.002034587995930824
17896 0.001017293997965412
11754 0.001017293997965412
18923 0.002034587995930824
19949 0.003051881993896236
8686 0.004069175991861648
21999 0.002034587995930824
32239 0.002034587995930824
23024 0.002034587995930824
25073 0.001017293997965412
3570 0.002034587995930824
4597 0.001017293997965412
10745 0.001017293997965412
20989 0.004069175991861648
2560 0.001017293997965412
14849 0.001017293997965412
15874 0.004069175991861648
23043 0.002034587995930824
30216 0.001017293997965412
5644 0.002034587995930824
26125 0.002034587995930824
24077 0.002034587995930824
27152 0.002034587995930824
24082 0.001017293997965412
28179 0.003051881993896236
29204 0.004069175991861648
12820 0.001017293997965412
31253 0.004069175991861648
8728 0.002034587995930824
13855 0.003051881993896236
4640 0.003051881993896236
9761 0.004069175991861648
6693 0.001017293997965412
7717 0.002034587995930824
28201 0.001017293997965412
13868 0.002034587995930824
18995 0.001017293997965412
14899 0.002034587995930824
22072 0.001017293997965412
21054 0.001017293997965412
2623 0.001017293997965412
32320 0.003051881993896236
4673 0.001017293997965412
19013 0.001017293997965412
20039 0.001017293997965412
8776 0.001017293997965412
5707 0.003051881993896236
3659 0.002034587995930824
23115 0.001017293997965412
15947 0.001017293997965412
11852 0.002034587995930824
1613 0.004069175991861648
25171 0.002034587995930824
13912 0.001017293997965412
18009 0.003051881993896236
15963 0.002034587995930824
26207 0.003051881993896236
611 0.001017293997965412
20067 0.002034587995930824
27236 0.002034587995930824
16998 0.003051881993896236
14950 0.001017293997965412
29287 0.002034587995930824
2667 0.002034587995930824
7787 0.002034587995930824
6766 0.002034587995930824
4724 0.002034587995930824
28276 0.003051881993896236
3700 0.001017293997965412
22135 0.001017293997965412
27259 0.001017293997965412
10879 0.002034587995930824
2690 0.001017293997965412
14979 0.001017293997965412
30341 0.003051881993896236
19079 0.001017293997965412
21131 0.003051881993896236
656 0.001017293997965412
25235 0.002034587995930824
7829 0.001017293997965412
1687 0.002034587995930824
30359 0.001017293997965412
23194 0.003051881993896236
31386 0.002034587995930824
5786 0.002034587995930824
6815 0.001017293997965412
12960 0.001017293997965412
11937 0.001017293997965412
17067 0.002034587995930824
27309 0.003051881993896236
18095 0.001017293997965412
4785 0.002034587995930824
29361 0.003051881993896236
31412 0.002034587995930824
14005 0.003051881993896236
6838 0.001017293997965412
694 0.001017293997965412
18105 0.001017293997965412
30396 0.002034587995930824
20158 0.003051881993896236
15038 0.001017293997965412
7873 0.001017293997965412
22210 0.001017293997965412
16066 0.001017293997965412
2759 0.003051881993896236
4808 0.001017293997965412
29385 0.001017293997965412
714 0.001017293997965412
3786 0.001017293997965412
32460 0.002034587995930824
19150 0.001017293997965412
24270 0.001017293997965412
26320 0.004069175991861648
17104 0.001017293997965412
21201 0.001017293997965412
19157 0.001017293997965412
13015 0.002034587995930824
7896 0.002034587995930824
11993 0.001017293997965412
31450 0.002034587995930824
15068 0.002034587995930824
5857 0.002034587995930824
25315 0.002034587995930824
1764 0.003051881993896236
28390 0.003051881993896236
16105 0.002034587995930824
32490 0.002034587995930824
26353 0.003051881993896236
27378 0.001017293997965412
6899 0.001017293997965412
2806 0.002034587995930824
3836 0.001017293997965412
12029 0.001017293997965412
772 0.002034587995930824
15109 0.001017293997965412
5894 0.001017293997965412
30473 0.003051881993896236
22283 0.001017293997965412
3851 0.001017293997965412
32530 0.002034587995930824
11027 0.003051881993896236
21267 0.001017293997965412
23322 0.002034587995930824
29468 0.002034587995930824
19229 0.001017293997965412
22302 0.001017293997965412
5927 0.002034587995930824
14124 0.003051881993896236
28460 0.001017293997965412
3888 0.001017293997965412
4913 0.004069175991861648
21297 0.001017293997965412
5943 0.001017293997965412
7999 0.002034587995930824
6981 0.003051881993896236
13127 0.003051881993896236
26444 0.001017293997965412
30541 0.002034587995930824
10062 0.002034587995930824
27472 0.001017293997965412
5972 0.001017293997965412
853 0.003051881993896236
17237 0.003051881993896236
26453 0.001017293997965412
9048 0.009155645981688708
32603 0.002034587995930824
27492 0.001017293997965412
31592 0.008138351983723296
4968 0.002034587995930824
20329 0.004069175991861648
25456 0.003051881993896236
23408 0.001017293997965412
1906 0.003051881993896236
27507 0.001017293997965412
3956 0.001017293997965412
31606 0.001017293997965412
28537 0.004069175991861648
22396 0.004069175991861648
14208 0.002034587995930824
28549 0.001017293997965412
12169 0.002034587995930824
13193 0.001017293997965412
30603 0.001017293997965412
3981 0.001017293997965412
32657 0.002034587995930824
915 0.003051881993896236
17301 0.002034587995930824
14229 0.001017293997965412
20374 0.001017293997965412
30615 0.001017293997965412
11164 0.001017293997965412
29600 0.003051881993896236
1952 0.001017293997965412
19365 0.002034587995930824
5031 0.002034587995930824
25513 0.001017293997965412
27562 0.001017293997965412
6060 0.003051881993896236
26542 0.003051881993896236
14255 0.001017293997965412
15282 0.01017293997965412
21427 0.00508646998982706
5045 0.002034587995930824
23477 0.002034587995930824
7093 0.001017293997965412
2998 0.008138351983723296
21432 0.001017293997965412
19385 0.001017293997965412
31674 0.003051881993896236
4028 0.001017293997965412
20417 0.001017293997965412
14274 0.001017293997965412
1988 0.001017293997965412
18378 0.001017293997965412
5069 0.001017293997965412
32718 0.004069175991861648
3025 0.001017293997965412
25554 0.001017293997965412
22484 0.001017293997965412
981 0.001017293997965412
7128 0.001017293997965412
9179 0.003051881993896236
27614 0.002034587995930824
19422 0.002034587995930824
5088 0.002034587995930824
24549 0.002034587995930824
26597 0.002034587995930824
17382 0.001017293997965412
28651 0.00508646998982706
23531 0.001017293997965412
19435 0.001017293997965412
10223 0.002034587995930824
19446 0.001017293997965412
20472 0.001017293997965412
