keys
0.12614445574771108
0.003051881993896236
0.01017293997965412
0.002034587995930824
0.001017293997965412
0.001017293997965412
0.001017293997965412
0.001017293997965412
0.001017293997965412
0.002034587995930824
0.002034587995930824
0.001017293997965412
0.001017293997965412
0.001017293997965412
0.003051881993896236
0.001017293997965412
0.003051881993896236
0.002034587995930824
0.002034587995930824
0.001017293997965412
0.002034587995930824
0.00508646998982706
0.001017293997965412
0.001017293997965412
0.001017293997965412
0.001017293997965412
0.002034587995930824
0.003051881993896236
0.002034587995930824
0.003051881993896236
0.003051881993896236
0.001017293997965412
0.002034587995930824
0.001017293997965412
0.002034587995930824
0.001017293997965412
0.004069175991861648
0.001017293997965412
0.002034587995930824
0.001017293997965412
0.001017293997965412
0.004069175991861648
0.001017293997965412
0.002034587995930824
0.001017293997965412
0.002034587995930824
0.002034587995930824
0.002034587995930824
0.001017293997965412
0.00508646998982706
0.001017293997965412
0.001017293997965412
0.001017293997965412
0.002034587995930824
0.001017293997965412
0.001017293997965412
0.001017293997965412
0.001017293997965412
0.003051881993896236
0.003051881993896236
0.006103763987792472
0.001017293997965412
0.003051881993896236
0.002034587995930824
0.001017293997965412
0.002034587995930824
0.002034587995930824
0.004069175991861648
0.002034587995930824
0.001017293997965412
0.001017293997965412
0.001017293997965412
0.001017293997965412
0.001017293997965412
0.001017293997965412
0.001017293997965412
0.001017293997965412
0.001017293997965412
0.001017293997965412
0.001017293997965412
0.002034587995930824
0.001017293997965412
0.002034587995930824
0.001017293997965412
0.002034587995930824
0.001017293997965412
0.001017293997965412
0.002034587995930824
0.001017293997965412
0.001017293997965412
0.001017293997965412
0.001017293997965412
0.002034587995930824
0.001017293997965412
0.003051881993896236
0.002034587995930824
0.001017293997965412
0.001017293997965412
0.002034587995930824
0.002034587995930824
0.006103763987792472
0.001017293997965412
0.001017293997965412
0.001017293997965412
0.001017293997965412
0.003051881993896236
0.001017293997965412
0.001017293997965412
0.001017293997965412
0.001017293997965412
0.001017293997965412
0.001017293997965412
0.002034587995930824
0.001017293997965412
0.001017293997965412
0.001017293997965412
0.004069175991861648
0.001017293997965412
0.002034587995930824
0.002034587995930824
0.001017293997965412
0.004069175991861648
0.001017293997965412
0.001017293997965412
0.001017293997965412
0.001017293997965412
0.001017293997965412
0.009155645981688708
0.003051881993896236
0.003051881993896236
0.001017293997965412
0.001017293997965412
0.001017293997965412
0.002034587995930824
0.002034587995930824
0.00508646998982706
0.001017293997965412
0.001017293997965412
0.001017293997965412
0.002034587995930824
0.003051881993896236
0.001017293997965412
0.001017293997965412
0.001017293997965412
0.001017293997965412
0.001017293997965412
0.002034587995930824
0.002034587995930824
0.001017293997965412
0.001017293997965412
0.002034587995930824
0.001017293997965412
0.001017293997965412
0.001017293997965412
0.003051881993896236
0.004069175991861648
0.003051881993896236
0.002034587995930824
0.002034587995930824
0.001017293997965412
0.001017293997965412
0.001017293997965412
0.001017293997965412
0.002034587995930824
0.001017293997965412
0.001017293997965412
0.008138351983723296
0.002034587995930824
0.001017293997965412
0.001017293997965412
0.001017293997965412
0.001017293997965412
0.002034587995930824
0.002034587995930824
0.001017293997965412
0.003051881993896236
0.001017293997965412
0.002034587995930824
0.003051881993896236
0.00508646998982706
0.002034587995930824
0.001017293997965412
0.002034587995930824
0.001017293997965412
0.002034587995930824
0.001017293997965412
0.001017293997965412
0.003051881993896236
0.001017293997965412
0.001017293997965412
0.004069175991861648
0.00508646998982706
0.002034587995930824
0.001017293997965412
0.001017293997965412
0.001017293997965412
0.001017293997965412
0.002034587995930824
0.002034587995930824
0.001017293997965412
0.001017293997965412
0.002034587995930824
0.001017293997965412
0.001017293997965412
0.001017293997965412
0.001017293997965412
0.001017293997965412
0.001017293997965412
0.002034587995930824
0.001017293997965412
0.001017293997965412
0.00508646998982706
0.001017293997965412
0.001017293997965412
0.002034587995930824
0.002034587995930824
0.001017293997965412
0.001017293997965412
0.001017293997965412
0.007121057985757884
0.002034587995930824
0.001017293997965412
0.001017293997965412
0.006103763987792472
0.002034587995930824
0.001017293997965412
0.001017293997965412
0.002034587995930824
0.003051881993896236
0.004069175991861648
0.002034587995930824
0.002034587995930824
0.002034587995930824
0.001017293997965412
0.002034587995930824
0.001017293997965412
0.001017293997965412
0.004069175991861648
0.001017293997965412
0.001017293997965412
0.004069175991861648
0.002034587995930824
0.001017293997965412
0.002034587995930824
0.002034587995930824
0.002034587995930824
0.002034587995930824
0.001017293997965412
0.003051881993896236
0.004069175991861648
0.001017293997965412
0.004069175991861648
0.002034587995930824
0.003051881993896236
0.003051881993896236
0.004069175991861648
0.001017293997965412
0.002034587995930824
0.001017293997965412
0.002034587995930824
0.001017293997965412
0.002034587995930824
0.001017293997965412
0.001017293997965412
0.001017293997965412
0.003051881993896236
0.001017293997965412
0.001017293997965412
0.001017293997965412
0.001017293997965412
0.003051881993896236
0.002034587995930824
0.001017293997965412
0.001017293997965412
0.002034587995930824
0.004069175991861648
0.002034587995930824
0.001017293997965412
0.003051881993896236
0.002034587995930824
0.003051881993896236
0.001017293997965412
0.002034587995930824
0.002034587995930824
0.003051881993896236
0.001017293997965412
0.002034587995930824
0.002034587995930824
0.002034587995930824
0.002034587995930824
0.002034587995930824
0.003051881993896236
0.001017293997965412
0.001017293997965412
0.001017293997965412
0.002034587995930824
0.001017293997965412
0.001017293997965412
0.003051881993896236
0.001017293997965412
0.003051881993896236
0.001017293997965412
0.002034587995930824
0.001017293997965412
0.002034587995930824
0.001017293997965412
0.003051881993896236
0.002034587995930824
0.002034587995930824
0.001017293997965412
0.001017293997965412
0.001017293997965412
0.002034587995930824
0.003051881993896236
0.001017293997965412
0.002034587995930824
0.003051881993896236
0.002034587995930824
0.003051881993896236
0.001017293997965412
0.001017293997965412
0.001017293997965412
0.002034587995930824
0.003051881993896236
0.001017293997965412
0.001017293997965412
0.001017293997965412
0.001017293997965412
0.003051881993896236
0.001017293997965412
0.001017293997965412
0.001017293997965412
0.001017293997965412
0.002034587995930824
0.001017293997965412
0.001017293997965412
0.004069175991861648
0.001017293997965412
0.001017293997965412
0.001017293997965412
0.002034587995930824
0.002034587995930824
0.001017293997965412
0.002034587995930824
0.002034587995930824
0.002034587995930824
0.002034587995930824
0.003051881993896236
0.003051881993896236
0.002034587995930824
0.002034587995930824
0.003051881993896236
0.001017293997965412
0.001017293997965412
0.002034587995930824
0.001017293997965412
0.001017293997965412
0.002034587995930824
0.001017293997965412
0.001017293997965412
0.003051881993896236
0.001017293997965412
0.001017293997965412
0.002034587995930824
0.003051881993896236
0.001017293997965412
0.002034587995930824
0.002034587995930824
0.001017293997965412
0.001017293997965412
0.002034587995930824
0.003051881993896236
0.001017293997965412
0.001017293997965412
0.004069175991861648
0.001017293997965412
0.001017293997965412
0.002034587995930824
0.003051881993896236
0.003051881993896236
0.001017293997965412
0.002034587995930824
0.002034587995930824
0.001017293997965412
0.001017293997965412
0.003051881993896236
0.003051881993896236
0.001017293997965412
0.009155645981688708
0.002034587995930824
0.001017293997965412
0.008138351983723296
0.002034587995930824
0.004069175991861648
0.003051881993896236
0.001017293997965412
0.003051881993896236
0.001017293997965412
0.001017293997965412
0.001017293997965412
0.004069175991861648
0.004069175991861648
0.002034587995930824
0.001017293997965412
0.002034587995930824
0.001017293997965412
0.001017293997965412
0.001017293997965412
0.002034587995930824
0.003051881993896236
0.002034587995930824
0.001017293997965412
0.001017293997965412
0.001017293997965412
0.001017293997965412
0.003051881993896236
0.001017293997965412
0.002034587995930824
0.002034587995930824
0.001017293997965412
0.001017293997965412
0.003051881993896236
0.003051881993896236
0.001017293997965412
0.01017293997965412
0.00508646998982706
0.002034587995930824
0.002034587995930824
0.001017293997965412
0.008138351983723296
0.001017293997965412
0.001017293997965412
0.003051881993896236
0.001017293997965412
0.001017293997965412
0.001017293997965412
0.001017293997965412
0.001017293997965412
0.001017293997965412
0.004069175991861648
0.001017293997965412
0.001017293997965412
0.001017293997965412
0.001017293997965412
0.001017293997965412
0.003051881993896236
0.002034587995930824
0.002034587995930824
0.002034587995930824
0.002034587995930824
0.002034587995930824
0.001017293997965412
0.00508646998982706
0.001017293997965412
0.001017293997965412
0.002034587995930824
0.001017293997965412
0.001017293997965412
