Keys
0.0015961692
9.5770153E-4
0.0012769353
4.7885076E-4
9.5770153E-4
3.1923383E-4
3.1923383E-4
9.5770153E-4
0.0025538707
7.980846E-4
3.1923383E-4
6.3846767E-4
6.3846767E-4
3.1923383E-4
3.1923383E-4
3.1923383E-4
6.3846767E-4
3.1923383E-4
3.1923383E-4
0.0011173184
0.0015961692
7.980846E-4
3.1923383E-4
0.0022346368
6.3846767E-4
9.5770153E-4
0.0015961692
7.980846E-4
0.0015961692
6.3846767E-4
3.1923383E-4
0.0022346368
6.3846767E-4
0.0033519552
0.0011173184
3.1923383E-4
7.980846E-4
0.0011173184
0.0011173184
6.3846767E-4
7.980846E-4
6.3846767E-4
0.0011173184
7.980846E-4
6.3846767E-4
0.0017557861
4.7885076E-4
0.0011173184
0.0030327216
7.980846E-4
7.980846E-4
3.1923383E-4
0.0017557861
0.0011173184
0.0014365523
4.7885076E-4
9.5770153E-4
3.1923383E-4
3.1923383E-4
0.0022346368
3.1923383E-4
6.3846767E-4
6.3846767E-4
3.1923383E-4
4.7885076E-4
4.7885076E-4
0.0015961692
7.980846E-4
0.0025538707
0.0017557861
3.1923383E-4
3.1923383E-4
7.980846E-4
3.1923383E-4
7.980846E-4
0.0015961692
0.0025538707
9.5770153E-4
6.3846767E-4
3.1923383E-4
6.3846767E-4
7.980846E-4
0.0017557861
3.1923383E-4
3.1923383E-4
0.0014365523
7.980846E-4
0.0011173184
3.1923383E-4
6.3846767E-4
6.3846767E-4
7.980846E-4
0.0011173184
3.1923383E-4
6.3846767E-4
0.0015961692
3.1923383E-4
0.0014365523
6.3846767E-4
6.3846767E-4
3.1923383E-4
6.3846767E-4
7.980846E-4
6.3846767E-4
6.3846767E-4
4.7885076E-4
9.5770153E-4
4.7885076E-4
7.980846E-4
0.0028731045
0.0031923384
3.1923383E-4
0.0015961692
0.0019154031
3.1923383E-4
7.980846E-4
4.7885076E-4
0.00207502
7.980846E-4
4.7885076E-4
0.0028731045
3.1923383E-4
6.3846767E-4
6.3846767E-4
0.0027134877
0.0022346368
4.7885076E-4
0.0017557861
6.3846767E-4
3.1923383E-4
3.1923383E-4
6.3846767E-4
4.7885076E-4
0.0011173184
4.7885076E-4
0.0017557861
4.7885076E-4
7.980846E-4
3.1923383E-4
0.0015961692
0.0017557861
6.3846767E-4
0.0015961692
3.1923383E-4
6.3846767E-4
6.3846767E-4
3.1923383E-4
6.3846767E-4
7.980846E-4
7.980846E-4
4.7885076E-4
0.0017557861
7.980846E-4
0.0014365523
9.5770153E-4
6.3846767E-4
4.7885076E-4
0.0012769353
6.3846767E-4
7.980846E-4
3.1923383E-4
3.1923383E-4
0.0011173184
3.1923383E-4
3.1923383E-4
7.980846E-4
7.980846E-4
6.3846767E-4
0.0019154031
0.0011173184
0.0014365523
0.0025538707
0.0014365523
6.3846767E-4
3.1923383E-4
3.1923383E-4
3.1923383E-4
6.3846767E-4
9.5770153E-4
0.0017557861
0.0014365523
7.980846E-4
0.0017557861
0.0012769353
3.1923383E-4
7.980846E-4
6.3846767E-4
7.980846E-4
0.0012769353
7.980846E-4
6.3846767E-4
0.0015961692
6.3846767E-4
9.5770153E-4
6.3846767E-4
3.1923383E-4
0.0011173184
4.7885076E-4
0.00207502
4.7885076E-4
0.0017557861
9.5770153E-4
3.1923383E-4
6.3846767E-4
0.0015961692
0.0028731045
0.0033519552
4.7885076E-4
7.980846E-4
0.00207502
7.980846E-4
0.0011173184
0.0023942539
7.980846E-4
0.0052673584
0.0012769353
0.0015961692
0.0011173184
0.003671189
0.0011173184
0.0019154031
0.0015961692
4.7885076E-4
0.0011173184
4.7885076E-4
0.0012769353
0.0012769353
4.7885076E-4
0.0011173184
0.0049481243
7.980846E-4
0.0012769353
0.0025538707
7.980846E-4
7.980846E-4
0.0011173184
6.3846767E-4
4.7885076E-4
0.0011173184
0.0022346368
6.3846767E-4
6.3846767E-4
0.0019154031
0.0012769353
7.980846E-4
0.0019154031
7.980846E-4
0.0011173184
7.980846E-4
4.7885076E-4
7.980846E-4
0.003671189
4.7885076E-4
3.1923383E-4
0.0012769353
0.003671189
0.0014365523
7.980846E-4
0.0011173184
4.7885076E-4
0.0015961692
0.0011173184
7.980846E-4
7.980846E-4
3.1923383E-4
6.3846767E-4
7.980846E-4
0.0014365523
0.0015961692
3.1923383E-4
4.7885076E-4
0.0015961692
3.1923383E-4
3.1923383E-4
3.1923383E-4
0.0011173184
0.0011173184
4.7885076E-4
0.0014365523
4.7885076E-4
6.3846767E-4
6.3846767E-4
7.980846E-4
0.00207502
4.7885076E-4
7.980846E-4
3.1923383E-4
0.0011173184
0.0011173184
3.1923383E-4
0.0014365523
3.1923383E-4
3.1923383E-4
0.0011173184
0.0023942539
9.5770153E-4
7.980846E-4
0.0027134877
6.3846767E-4
7.980846E-4
3.1923383E-4
3.1923383E-4
0.0014365523
7.980846E-4
6.3846767E-4
0.0017557861
6.3846767E-4
0.0011173184
6.3846767E-4
0.0033519552
6.3846767E-4
7.980846E-4
3.1923383E-4
0.0011173184
3.1923383E-4
0.0011173184
0.0011173184
0.0014365523
9.5770153E-4
7.980846E-4
6.3846767E-4
3.1923383E-4
3.1923383E-4
3.1923383E-4
7.980846E-4
3.1923383E-4
0.0023942539
0.0027134877
3.1923383E-4
0.0011173184
0.0011173184
0.0012769353
0.0025538707
6.3846767E-4
0.0011173184
0.00207502
7.980846E-4
6.3846767E-4
6.3846767E-4
7.980846E-4
0.0014365523
6.3846767E-4
4.7885076E-4
7.980846E-4
6.3846767E-4
7.980846E-4
3.1923383E-4
0.0011173184
4.7885076E-4
0.0025538707
9.5770153E-4
0.00207502
0.0011173184
6.3846767E-4
3.1923383E-4
3.1923383E-4
6.3846767E-4
3.1923383E-4
6.3846767E-4
9.5770153E-4
7.980846E-4
3.1923383E-4
7.980846E-4
7.980846E-4
0.0017557861
9.5770153E-4
3.1923383E-4
0.0011173184
0.0017557861
3.1923383E-4
7.980846E-4
7.980846E-4
7.980846E-4
3.1923383E-4
0.0011173184
3.1923383E-4
0.0019154031
0.0012769353
6.3846767E-4
7.980846E-4
6.3846767E-4
6.3846767E-4
6.3846767E-4
3.1923383E-4
3.1923383E-4
9.5770153E-4
0.0028731045
7.980846E-4
0.0022346368
3.1923383E-4
0.0012769353
0.0012769353
0.0027134877
4.7885076E-4
7.980846E-4
3.1923383E-4
7.980846E-4
9.5770153E-4
3.1923383E-4
3.1923383E-4
0.0030327216
4.7885076E-4
4.7885076E-4
7.980846E-4
0.0012769353
0.0015961692
0.0017557861
6.3846767E-4
7.980846E-4
9.5770153E-4
4.7885076E-4
6.3846767E-4
0.0011173184
4.7885076E-4
0.0028731045
3.1923383E-4
0.0011173184
9.5770153E-4
0.0017557861
0.0011173184
4.7885076E-4
0.0012769353
0.0015961692
4.7885076E-4
0.0011173184
4.7885076E-4
3.1923383E-4
0.0019154031
6.3846767E-4
0.0011173184
7.980846E-4
0.0011173184
3.1923383E-4
0.0038308061
0.0011173184
7.980846E-4
0.0011173184
0.0017557861
3.1923383E-4
6.3846767E-4
7.980846E-4
7.980846E-4
4.7885076E-4
9.5770153E-4
0.0017557861
7.980846E-4
0.0011173184
0.0011173184
0.0014365523
3.1923383E-4
4.7885076E-4
4.7885076E-4
6.3846767E-4
3.1923383E-4
3.1923383E-4
6.3846767E-4
7.980846E-4
6.3846767E-4
6.3846767E-4
6.3846767E-4
6.3846767E-4
0.0014365523
6.3846767E-4
0.0011173184
7.980846E-4
0.0012769353
0.0014365523
3.1923383E-4
3.1923383E-4
9.5770153E-4
6.3846767E-4
6.3846767E-4
3.1923383E-4
0.0011173184
6.3846767E-4
3.1923383E-4
7.980846E-4
3.1923383E-4
7.980846E-4
0.0011173184
3.1923383E-4
3.1923383E-4
0.0011173184
6.3846767E-4
0.0014365523
3.1923383E-4
3.1923383E-4
0.0022346368
3.1923383E-4
0.0011173184
4.7885076E-4
0.0014365523
0.0019154031
7.980846E-4
0.0015961692
6.3846767E-4
6.3846767E-4
6.3846767E-4
6.3846767E-4
6.3846767E-4
7.980846E-4
7.980846E-4
4.7885076E-4
6.3846767E-4
6.3846767E-4
0.0011173184
9.5770153E-4
9.5770153E-4
3.1923383E-4
6.3846767E-4
0.0011173184
3.1923383E-4
7.980846E-4
3.1923383E-4
7.980846E-4
3.1923383E-4
3.1923383E-4
0.0011173184
0.0019154031
4.7885076E-4
7.980846E-4
0.0027134877
3.1923383E-4
0.0011173184
0.0022346368
0.0031923384
4.7885076E-4
4.7885076E-4
6.3846767E-4
7.980846E-4
3.1923383E-4
7.980846E-4
3.1923383E-4
6.3846767E-4
7.980846E-4
0.0012769353
0.0011173184
0.0027134877
6.3846767E-4
3.1923383E-4
3.1923383E-4
3.1923383E-4
0.0012769353
7.980846E-4
3.1923383E-4
6.3846767E-4
0.0019154031
7.980846E-4
0.0011173184
7.980846E-4
0.0011173184
3.1923383E-4
6.3846767E-4
3.1923383E-4
0.0012769353
0.0012769353
3.1923383E-4
4.7885076E-4
0.00207502
0.0019154031
3.1923383E-4
3.1923383E-4
3.1923383E-4
3.1923383E-4
3.1923383E-4
0.0011173184
0.0012769353
4.7885076E-4
0.0023942539
3.1923383E-4
6.3846767E-4
0.0011173184
6.3846767E-4
3.1923383E-4
7.980846E-4
6.3846767E-4
6.3846767E-4
3.1923383E-4
0.0011173184
3.1923383E-4
9.5770153E-4
4.7885076E-4
7.980846E-4
0.0011173184
4.7885076E-4
0.0025538707
0.0015961692
3.1923383E-4
3.1923383E-4
0.0030327216
3.1923383E-4
0.0011173184
0.0019154031
7.980846E-4
0.0027134877
4.7885076E-4
4.7885076E-4
6.3846767E-4
4.7885076E-4
0.00207502
0.0019154031
0.0011173184
3.1923383E-4
7.980846E-4
4.7885076E-4
0.0017557861
7.980846E-4
7.980846E-4
4.7885076E-4
0.0017557861
0.0015961692
0.0019154031
4.7885076E-4
0.0038308061
0.0012769353
9.5770153E-4
3.1923383E-4
7.980846E-4
4.7885076E-4
0.0012769353
0.0011173184
3.1923383E-4
3.1923383E-4
0.0014365523
3.1923383E-4
0.0011173184
0.0019154031
4.7885076E-4
7.980846E-4
6.3846767E-4
0.0019154031
7.980846E-4
3.1923383E-4
3.1923383E-4
6.3846767E-4
6.3846767E-4
7.980846E-4
0.0023942539
0.0025538707
7.980846E-4
0.0012769353
4.7885076E-4
3.1923383E-4
0.0017557861
0.00207502
7.980846E-4
6.3846767E-4
0.0019154031
7.980846E-4
7.980846E-4
4.7885076E-4
4.7885076E-4
0.0023942539
0.0014365523
0.00207502
4.7885076E-4
6.3846767E-4
7.980846E-4
4.7885076E-4
9.5770153E-4
7.980846E-4
3.1923383E-4
6.3846767E-4
3.1923383E-4
3.1923383E-4
6.3846767E-4
0.0015961692
3.1923383E-4
0.0014365523
7.980846E-4
7.980846E-4
3.1923383E-4
7.980846E-4
0.00207502
9.5770153E-4
4.7885076E-4
0.0017557861
9.5770153E-4
0.0017557861
3.1923383E-4
3.1923383E-4
0.0012769353
9.5770153E-4
6.3846767E-4
6.3846767E-4
0.0015961692
7.980846E-4
4.7885076E-4
0.0028731045
3.1923383E-4
0.0015961692
7.980846E-4
9.5770153E-4
6.3846767E-4
3.1923383E-4
7.980846E-4
6.3846767E-4
6.3846767E-4
3.1923383E-4
3.1923383E-4
7.980846E-4
3.1923383E-4
0.0011173184
3.1923383E-4
3.1923383E-4
0.0023942539
7.980846E-4
4.7885076E-4
0.0022346368
9.5770153E-4
9.5770153E-4
0.0015961692
4.7885076E-4
0.0028731045
0.0017557861
3.1923383E-4
3.1923383E-4
6.3846767E-4
0.0019154031
4.7885076E-4
9.5770153E-4
3.1923383E-4
0.0011173184
7.980846E-4
0.0011173184
3.1923383E-4
7.980846E-4
6.3846767E-4
7.980846E-4
6.3846767E-4
0.0028731045
0.0012769353
4.7885076E-4
0.0012769353
0.0012769353
0.0019154031
9.5770153E-4
0.0015961692
7.980846E-4
0.0015961692
4.7885076E-4
0.0017557861
0.0019154031
0.00207502
0.0030327216
0.0011173184
9.5770153E-4
7.980846E-4
0.0015961692
0.0023942539
0.0014365523
0.00207502
6.3846767E-4
3.1923383E-4
3.1923383E-4
6.3846767E-4
0.0015961692
0.0023942539
6.3846767E-4
4.7885076E-4
9.5770153E-4
9.5770153E-4
0.0017557861
7.980846E-4
0.0035115723
0.0012769353
6.3846767E-4
0.0011173184
3.1923383E-4
0.0011173184
6.3846767E-4
3.1923383E-4
3.1923383E-4
3.1923383E-4
6.3846767E-4
7.980846E-4
6.3846767E-4
7.980846E-4
0.0015961692
0.0011173184
7.980846E-4
0.0015961692
0.0027134877
3.1923383E-4
3.1923383E-4
3.1923383E-4
7.980846E-4
0.0014365523
3.1923383E-4
7.980846E-4
0.0014365523
7.980846E-4
0.0014365523
6.3846767E-4
0.0019154031
3.1923383E-4
0.0015961692
0.0014365523
6.3846767E-4
7.980846E-4
0.0011173184
0.0023942539
3.1923383E-4
6.3846767E-4
0.0017557861
0.0012769353
4.7885076E-4
0.0012769353
3.1923383E-4
0.0011173184
7.980846E-4
3.1923383E-4
0.0014365523
6.3846767E-4
0.00207502
0.0015961692
9.5770153E-4
7.980846E-4
0.0017557861
0.0012769353
3.1923383E-4
7.980846E-4
9.5770153E-4
9.5770153E-4
0.0012769353
0.0017557861
0.0015961692
0.0014365523
7.980846E-4
6.3846767E-4
4.7885076E-4
0.0023942539
3.1923383E-4
0.0015961692
3.1923383E-4
6.3846767E-4
7.980846E-4
3.1923383E-4
6.3846767E-4
3.1923383E-4
3.1923383E-4
3.1923383E-4
0.0011173184
7.980846E-4
3.1923383E-4
3.1923383E-4
0.0022346368
3.1923383E-4
4.7885076E-4
0.0023942539
3.1923383E-4
3.1923383E-4
6.3846767E-4
6.3846767E-4
3.1923383E-4
3.1923383E-4
3.1923383E-4
0.0019154031
7.980846E-4
6.3846767E-4
0.0027134877
0.0027134877
0.0017557861
4.7885076E-4
4.7885076E-4
0.0023942539
0.0014365523
4.7885076E-4
9.5770153E-4
7.980846E-4
3.1923383E-4
6.3846767E-4
0.0022346368
3.1923383E-4
0.0011173184
6.3846767E-4
0.0022346368
4.7885076E-4
0.0025538707
9.5770153E-4
0.0031923384
4.7885076E-4
0.00207502
3.1923383E-4
7.980846E-4
0.0017557861
6.3846767E-4
3.1923383E-4
3.1923383E-4
3.1923383E-4
3.1923383E-4
0.0014365523
6.3846767E-4
6.3846767E-4
6.3846767E-4
7.980846E-4
0.0022346368
0.0023942539
9.5770153E-4
9.5770153E-4
4.7885076E-4
0.0025538707
7.980846E-4
0.00207502
0.0012769353
0.0012769353
6.3846767E-4
9.5770153E-4
0.00207502
0.0030327216
7.980846E-4
0.0011173184
3.1923383E-4
0.0014365523
0.0012769353
0.0019154031
0.0014365523
0.0019154031
3.1923383E-4
7.980846E-4
6.3846767E-4
4.7885076E-4
0.003990423
7.980846E-4
0.0014365523
0.0012769353
9.5770153E-4
0.00207502
9.5770153E-4
0.003990423
3.1923383E-4
3.1923383E-4
6.3846767E-4
7.980846E-4
6.3846767E-4
0.0014365523
3.1923383E-4
9.5770153E-4
0.0038308061
4.7885076E-4
6.3846767E-4
0.0011173184
3.1923383E-4
3.1923383E-4
0.0019154031
0.0012769353
0.0017557861
3.1923383E-4
6.3846767E-4
0.0015961692
0.0025538707
0.0027134877
4.7885076E-4
0.00207502
6.3846767E-4
0.0014365523
3.1923383E-4
0.0011173184
6.3846767E-4
9.5770153E-4
6.3846767E-4
0.0014365523
7.980846E-4
0.0012769353
0.0014365523
7.980846E-4
0.0012769353
0.0028731045
3.1923383E-4
0.0019154031
0.0012769353
6.3846767E-4
7.980846E-4
9.5770153E-4
0.0022346368
0.0015961692
6.3846767E-4
4.7885076E-4
9.5770153E-4
3.1923383E-4
6.3846767E-4
4.7885076E-4
0.0022346368
