0 0.152014652014652
12289 6.105006105006105E-4
20483 6.105006105006105E-4
8195 6.105006105006105E-4
30724 6.105006105006105E-4
6 6.105006105006105E-4
2055 6.105006105006105E-4
6153 0.001221001221001221
4105 6.105006105006105E-4
26635 6.105006105006105E-4
8204 6.105006105006105E-4
28685 0.002442002442002442
18451 0.001221001221001221
20502 6.105006105006105E-4
24600 0.001221001221001221
18456 6.105006105006105E-4
32 0.001221001221001221
12320 6.105006105006105E-4
8226 0.001221001221001221
22570 0.001221001221001221
10283 0.001221001221001221
30764 6.105006105006105E-4
2098 6.105006105006105E-4
26680 0.0018315018315018315
24632 6.105006105006105E-4
30777 6.105006105006105E-4
4156 0.001221001221001221
20542 6.105006105006105E-4
8257 6.105006105006105E-4
14402 0.001221001221001221
70 0.001221001221001221
10316 6.105006105006105E-4
18509 6.105006105006105E-4
2128 6.105006105006105E-4
28754 0.0030525030525030525
16471 6.105006105006105E-4
20569 0.0018315018315018315
22619 6.105006105006105E-4
16475 6.105006105006105E-4
4190 6.105006105006105E-4
24676 6.105006105006105E-4
26724 6.105006105006105E-4
16486 6.105006105006105E-4
18535 0.001221001221001221
2154 6.105006105006105E-4
20588 0.001221001221001221
16493 6.105006105006105E-4
6254 0.001221001221001221
8304 6.105006105006105E-4
10354 0.002442002442002442
26740 6.105006105006105E-4
30836 0.001221001221001221
12406 0.001221001221001221
118 6.105006105006105E-4
28798 0.001221001221001221
18565 0.001221001221001221
6279 6.105006105006105E-4
22663 6.105006105006105E-4
24717 0.0018315018315018315
30862 6.105006105006105E-4
4239 6.105006105006105E-4
144 0.001221001221001221
10391 6.105006105006105E-4
14488 6.105006105006105E-4
28825 6.105006105006105E-4
16540 6.105006105006105E-4
26781 0.001221001221001221
24733 6.105006105006105E-4
2205 0.002442002442002442
22685 6.105006105006105E-4
30882 6.105006105006105E-4
14502 0.0018315018315018315
6318 0.0018315018315018315
30894 6.105006105006105E-4
20657 0.001221001221001221
12467 0.0018315018315018315
8373 0.0030525030525030525
26807 6.105006105006105E-4
30904 6.105006105006105E-4
18617 0.0030525030525030525
4289 6.105006105006105E-4
22721 6.105006105006105E-4
2245 0.0018315018315018315
28871 0.0018315018315018315
199 0.001221001221001221
12488 0.0018315018315018315
6344 6.105006105006105E-4
14540 0.001221001221001221
8396 6.105006105006105E-4
24783 0.001221001221001221
26833 6.105006105006105E-4
30929 6.105006105006105E-4
10450 0.0018315018315018315
2259 6.105006105006105E-4
4308 0.001221001221001221
20695 6.105006105006105E-4
218 6.105006105006105E-4
22753 6.105006105006105E-4
4325 6.105006105006105E-4
24806 6.105006105006105E-4
6374 6.105006105006105E-4
14568 0.002442002442002442
26856 0.0018315018315018315
233 6.105006105006105E-4
20714 6.105006105006105E-4
8428 6.105006105006105E-4
18670 0.0018315018315018315
16622 0.001221001221001221
20721 6.105006105006105E-4
2293 6.105006105006105E-4
24823 0.001221001221001221
6393 6.105006105006105E-4
30969 0.001221001221001221
12538 0.0018315018315018315
20740 6.105006105006105E-4
8457 6.105006105006105E-4
18700 6.105006105006105E-4
26897 6.105006105006105E-4
6420 0.001221001221001221
12564 6.105006105006105E-4
4378 0.001221001221001221
22812 0.0018315018315018315
4385 0.001221001221001221
20769 6.105006105006105E-4
24866 6.105006105006105E-4
28970 0.0030525030525030525
10542 0.002442002442002442
20785 6.105006105006105E-4
2359 0.001221001221001221
312 0.002442002442002442
20795 6.105006105006105E-4
31037 6.105006105006105E-4
10557 6.105006105006105E-4
4413 0.001221001221001221
6464 0.001221001221001221
26946 0.002442002442002442
12610 6.105006105006105E-4
2374 6.105006105006105E-4
16715 0.0018315018315018315
10572 0.001221001221001221
8524 0.0018315018315018315
18764 6.105006105006105E-4
31057 6.105006105006105E-4
29010 6.105006105006105E-4
24914 6.105006105006105E-4
340 6.105006105006105E-4
26965 0.001221001221001221
22870 0.001221001221001221
16728 6.105006105006105E-4
4445 6.105006105006105E-4
20832 0.001221001221001221
10595 0.0018315018315018315
18787 0.001221001221001221
31075 0.001221001221001221
12653 0.001221001221001221
20847 6.105006105006105E-4
14707 0.001221001221001221
16755 6.105006105006105E-4
8565 6.105006105006105E-4
6524 6.105006105006105E-4
22912 6.105006105006105E-4
14721 0.001221001221001221
27018 6.105006105006105E-4
397 0.001221001221001221
24973 6.105006105006105E-4
31122 0.0018315018315018315
10644 0.001221001221001221
29078 0.0030525030525030525
27030 6.105006105006105E-4
14747 0.0018315018315018315
31134 6.105006105006105E-4
20895 0.002442002442002442
22945 6.105006105006105E-4
12706 6.105006105006105E-4
27043 6.105006105006105E-4
2482 0.004273504273504274
4531 0.002442002442002442
25017 6.105006105006105E-4
29114 0.001221001221001221
2497 6.105006105006105E-4
14789 6.105006105006105E-4
29126 0.001221001221001221
12742 0.0018315018315018315
16840 6.105006105006105E-4
460 0.0018315018315018315
27088 6.105006105006105E-4
16854 6.105006105006105E-4
29146 6.105006105006105E-4
20956 6.105006105006105E-4
12768 0.001221001221001221
6625 0.003663003663003663
14818 6.105006105006105E-4
10725 0.0018315018315018315
31207 6.105006105006105E-4
6644 6.105006105006105E-4
16885 6.105006105006105E-4
29173 6.105006105006105E-4
4598 6.105006105006105E-4
25078 6.105006105006105E-4
507 6.105006105006105E-4
25087 0.001221001221001221
18944 0.004273504273504274
16899 6.105006105006105E-4
516 6.105006105006105E-4
29191 6.105006105006105E-4
10762 6.105006105006105E-4
14863 6.105006105006105E-4
2578 0.001221001221001221
31252 0.001221001221001221
4630 0.001221001221001221
538 6.105006105006105E-4
27162 6.105006105006105E-4
25115 6.105006105006105E-4
12832 6.105006105006105E-4
18976 6.105006105006105E-4
16929 6.105006105006105E-4
25121 6.105006105006105E-4
21028 6.105006105006105E-4
2599 6.105006105006105E-4
23080 6.105006105006105E-4
10794 0.0018315018315018315
6700 0.001221001221001221
12845 6.105006105006105E-4
575 0.0018315018315018315
16960 6.105006105006105E-4
8773 0.003663003663003663
10824 0.001221001221001221
586 6.105006105006105E-4
12877 6.105006105006105E-4
8783 6.105006105006105E-4
592 6.105006105006105E-4
19026 6.105006105006105E-4
2647 6.105006105006105E-4
25177 0.0018315018315018315
31323 0.001221001221001221
23137 6.105006105006105E-4
4707 0.0018315018315018315
27236 6.105006105006105E-4
19048 6.105006105006105E-4
6763 0.0018315018315018315
14959 0.0030525030525030525
31350 0.001221001221001221
21110 6.105006105006105E-4
8823 6.105006105006105E-4
17017 0.001221001221001221
6777 0.001221001221001221
29306 0.0030525030525030525
14973 6.105006105006105E-4
641 0.002442002442002442
10889 0.001221001221001221
23177 0.0018315018315018315
2699 6.105006105006105E-4
4750 0.001221001221001221
6798 6.105006105006105E-4
14991 6.105006105006105E-4
19088 0.002442002442002442
17041 6.105006105006105E-4
659 6.105006105006105E-4
21140 6.105006105006105E-4
27286 6.105006105006105E-4
10908 0.001221001221001221
12957 0.001221001221001221
19106 6.105006105006105E-4
23203 6.105006105006105E-4
677 6.105006105006105E-4
2727 6.105006105006105E-4
29352 0.0018315018315018315
19114 6.105006105006105E-4
17069 0.001221001221001221
27313 0.0018315018315018315
12977 6.105006105006105E-4
15025 6.105006105006105E-4
10930 6.105006105006105E-4
19124 6.105006105006105E-4
23220 6.105006105006105E-4
31418 0.003663003663003663
27328 6.105006105006105E-4
10945 6.105006105006105E-4
17089 6.105006105006105E-4
25285 6.105006105006105E-4
29385 0.001221001221001221
4809 6.105006105006105E-4
8914 0.0018315018315018315
19159 6.105006105006105E-4
2780 6.105006105006105E-4
4829 6.105006105006105E-4
25309 0.0018315018315018315
15070 6.105006105006105E-4
21215 0.0018315018315018315
23267 0.002442002442002442
21221 6.105006105006105E-4
13031 6.105006105006105E-4
21225 6.105006105006105E-4
10986 0.001221001221001221
746 0.0030525030525030525
6891 0.001221001221001221
4845 6.105006105006105E-4
29432 6.105006105006105E-4
8952 6.105006105006105E-4
762 6.105006105006105E-4
23293 6.105006105006105E-4
31486 0.001221001221001221
11007 0.001221001221001221
6915 6.105006105006105E-4
21255 0.001221001221001221
2825 6.105006105006105E-4
11019 6.105006105006105E-4
19216 0.001221001221001221
23312 6.105006105006105E-4
8976 6.105006105006105E-4
27409 0.002442002442002442
13074 0.001221001221001221
29459 6.105006105006105E-4
6934 0.0018315018315018315
2838 6.105006105006105E-4
29465 6.105006105006105E-4
11034 6.105006105006105E-4
2843 6.105006105006105E-4
4895 6.105006105006105E-4
31522 6.105006105006105E-4
6953 6.105006105006105E-4
25389 0.001221001221001221
27439 6.105006105006105E-4
6959 6.105006105006105E-4
818 0.0018315018315018315
4915 6.105006105006105E-4
27445 6.105006105006105E-4
2871 0.001221001221001221
832 0.001221001221001221
25409 6.105006105006105E-4
21314 0.002442002442002442
25411 6.105006105006105E-4
11080 0.001221001221001221
15178 0.002442002442002442
6987 6.105006105006105E-4
13132 0.001221001221001221
27469 6.105006105006105E-4
17232 0.001221001221001221
27476 6.105006105006105E-4
2904 0.001221001221001221
25435 0.001221001221001221
19293 0.002442002442002442
31583 0.001221001221001221
21346 0.001221001221001221
31586 6.105006105006105E-4
29540 0.002442002442002442
873 0.001221001221001221
2928 6.105006105006105E-4
23411 0.0030525030525030525
11123 0.0018315018315018315
21365 6.105006105006105E-4
25465 0.001221001221001221
892 6.105006105006105E-4
29566 6.105006105006105E-4
13183 6.105006105006105E-4
4992 6.105006105006105E-4
23426 6.105006105006105E-4
9091 0.0030525030525030525
31622 0.001221001221001221
27526 6.105006105006105E-4
7051 0.001221001221001221
25486 0.001221001221001221
911 6.105006105006105E-4
15253 0.0018315018315018315
27542 6.105006105006105E-4
29593 6.105006105006105E-4
2974 0.001221001221001221
5028 0.001221001221001221
17317 0.0018315018315018315
29609 0.001221001221001221
23475 0.0018315018315018315
7091 0.0018315018315018315
5043 6.105006105006105E-4
11192 6.105006105006105E-4
21434 0.0018315018315018315
23487 6.105006105006105E-4
27587 6.105006105006105E-4
19397 6.105006105006105E-4
29640 6.105006105006105E-4
13259 6.105006105006105E-4
7116 6.105006105006105E-4
21455 6.105006105006105E-4
31696 0.0018315018315018315
9176 0.0018315018315018315
3032 0.001221001221001221
19419 6.105006105006105E-4
990 6.105006105006105E-4
5086 6.105006105006105E-4
29664 6.105006105006105E-4
13286 0.001221001221001221
31719 6.105006105006105E-4
21481 0.001221001221001221
7145 6.105006105006105E-4
11245 6.105006105006105E-4
9198 6.105006105006105E-4
23535 0.001221001221001221
7155 6.105006105006105E-4
13300 6.105006105006105E-4
25590 0.0030525030525030525
27638 6.105006105006105E-4
3066 0.0018315018315018315
13309 6.105006105006105E-4
29697 0.002442002442002442
23555 6.105006105006105E-4
5130 0.001221001221001221
19471 6.105006105006105E-4
11280 6.105006105006105E-4
5142 6.105006105006105E-4
7194 6.105006105006105E-4
17436 6.105006105006105E-4
9246 6.105006105006105E-4
25632 6.105006105006105E-4
27683 6.105006105006105E-4
11304 0.001221001221001221
21544 6.105006105006105E-4
15411 0.004273504273504274
15412 6.105006105006105E-4
31798 0.001221001221001221
25655 6.105006105006105E-4
29752 0.0030525030525030525
27706 6.105006105006105E-4
17473 0.001221001221001221
7235 0.0018315018315018315
13381 0.001221001221001221
1094 0.003663003663003663
9288 0.0018315018315018315
31822 0.001221001221001221
19534 0.0018315018315018315
15443 0.002442002442002442
21590 0.001221001221001221
5210 0.001221001221001221
19554 6.105006105006105E-4
21605 6.105006105006105E-4
19559 6.105006105006105E-4
1128 0.002442002442002442
7274 6.105006105006105E-4
23659 0.001221001221001221
27756 6.105006105006105E-4
29806 0.0018315018315018315
25713 6.105006105006105E-4
3186 0.0018315018315018315
11379 0.001221001221001221
21619 6.105006105006105E-4
29817 0.001221001221001221
15482 0.001221001221001221
13436 6.105006105006105E-4
1149 6.105006105006105E-4
17540 0.0018315018315018315
11396 6.105006105006105E-4
23685 6.105006105006105E-4
7302 0.001221001221001221
19593 6.105006105006105E-4
5257 6.105006105006105E-4
31884 0.0018315018315018315
9358 0.001221001221001221
27802 0.0018315018315018315
25755 0.001221001221001221
5284 0.001221001221001221
19626 0.001221001221001221
1196 0.0018315018315018315
15537 6.105006105006105E-4
11444 0.001221001221001221
29876 0.0030525030525030525
21684 6.105006105006105E-4
13492 6.105006105006105E-4
25781 6.105006105006105E-4
1209 6.105006105006105E-4
27833 6.105006105006105E-4
15549 6.105006105006105E-4
17598 0.001221001221001221
11455 6.105006105006105E-4
29888 6.105006105006105E-4
9411 6.105006105006105E-4
5320 0.001221001221001221
7372 0.0018315018315018315
19661 0.0018315018315018315
23759 0.001221001221001221
13525 0.001221001221001221
27864 0.001221001221001221
17625 6.105006105006105E-4
31966 6.105006105006105E-4
11488 0.001221001221001221
3299 0.0018315018315018315
29926 6.105006105006105E-4
5353 6.105006105006105E-4
17642 0.001221001221001221
9455 6.105006105006105E-4
1265 0.001221001221001221
17650 0.001221001221001221
15603 0.001221001221001221
19702 0.0018315018315018315
29943 6.105006105006105E-4
19716 0.001221001221001221
7430 0.001221001221001221
11534 6.105006105006105E-4
29968 6.105006105006105E-4
27921 0.001221001221001221
25877 0.001221001221001221
1303 6.105006105006105E-4
23834 0.0030525030525030525
7457 6.105006105006105E-4
17698 0.001221001221001221
9506 0.001221001221001221
5412 0.001221001221001221
21800 0.004273504273504274
5418 6.105006105006105E-4
32045 0.0018315018315018315
29997 6.105006105006105E-4
19761 0.0018315018315018315
27953 6.105006105006105E-4
15666 0.0018315018315018315
13618 0.0018315018315018315
11570 6.105006105006105E-4
30004 6.105006105006105E-4
9525 6.105006105006105E-4
21820 0.001221001221001221
1341 0.001221001221001221
17726 6.105006105006105E-4
5442 6.105006105006105E-4
25923 6.105006105006105E-4
15686 6.105006105006105E-4
21835 6.105006105006105E-4
7500 6.105006105006105E-4
27984 0.001221001221001221
9554 6.105006105006105E-4
11602 6.105006105006105E-4
11605 6.105006105006105E-4
3415 0.001221001221001221
25946 0.0018315018315018315
30045 6.105006105006105E-4
32097 0.001221001221001221
3430 6.105006105006105E-4
5482 0.0030525030525030525
17772 6.105006105006105E-4
30062 6.105006105006105E-4
1398 0.0018315018315018315
13687 6.105006105006105E-4
23930 6.105006105006105E-4
21882 0.0018315018315018315
5502 0.0018315018315018315
23944 6.105006105006105E-4
11657 6.105006105006105E-4
17803 0.001221001221001221
1420 6.105006105006105E-4
9613 0.0018315018315018315
13711 6.105006105006105E-4
32143 6.105006105006105E-4
11667 6.105006105006105E-4
5525 0.001221001221001221
28065 0.003663003663003663
17826 6.105006105006105E-4
11691 6.105006105006105E-4
3500 0.0018315018315018315
23980 6.105006105006105E-4
13742 6.105006105006105E-4
9649 6.105006105006105E-4
15794 0.002442002442002442
21939 6.105006105006105E-4
5559 0.002442002442002442
30135 6.105006105006105E-4
28087 6.105006105006105E-4
19896 6.105006105006105E-4
3512 6.105006105006105E-4
7610 0.003663003663003663
13754 6.105006105006105E-4
11716 6.105006105006105E-4
13768 6.105006105006105E-4
26059 0.003663003663003663
1483 6.105006105006105E-4
17868 0.001221001221001221
24013 0.0018315018315018315
9684 0.001221001221001221
15830 6.105006105006105E-4
7648 6.105006105006105E-4
30178 0.001221001221001221
13794 6.105006105006105E-4
15848 6.105006105006105E-4
5609 0.001221001221001221
1518 0.0018315018315018315
24050 0.0018315018315018315
17908 6.105006105006105E-4
19956 6.105006105006105E-4
26101 0.0018315018315018315
3579 6.105006105006105E-4
22014 6.105006105006105E-4
24064 6.105006105006105E-4
28163 6.105006105006105E-4
22019 6.105006105006105E-4
13829 0.001221001221001221
1542 6.105006105006105E-4
15878 0.001221001221001221
9734 6.105006105006105E-4
19983 6.105006105006105E-4
5649 0.001221001221001221
32286 0.002442002442002442
30241 0.001221001221001221
7714 0.0030525030525030525
5668 0.001221001221001221
26151 0.0018315018315018315
3624 6.105006105006105E-4
17960 0.001221001221001221
11817 6.105006105006105E-4
1581 0.0018315018315018315
15928 6.105006105006105E-4
5691 6.105006105006105E-4
13884 0.003663003663003663
1597 6.105006105006105E-4
1598 6.105006105006105E-4
5696 6.105006105006105E-4
7747 6.105006105006105E-4
17988 0.0018315018315018315
11845 0.001221001221001221
32332 0.001221001221001221
28237 0.001221001221001221
22094 6.105006105006105E-4
13902 6.105006105006105E-4
9808 0.001221001221001221
1616 6.105006105006105E-4
15962 0.001221001221001221
20060 6.105006105006105E-4
3681 6.105006105006105E-4
30307 6.105006105006105E-4
7779 6.105006105006105E-4
32366 6.105006105006105E-4
5743 6.105006105006105E-4
15986 6.105006105006105E-4
9848 0.001221001221001221
7801 0.001221001221001221
3705 6.105006105006105E-4
26236 0.0018315018315018315
30339 6.105006105006105E-4
9861 6.105006105006105E-4
20105 6.105006105006105E-4
24203 0.001221001221001221
13963 6.105006105006105E-4
5773 0.0018315018315018315
3726 6.105006105006105E-4
5779 6.105006105006105E-4
28310 0.001221001221001221
20123 0.001221001221001221
22172 0.002442002442002442
1693 0.0018315018315018315
30367 0.001221001221001221
1697 6.105006105006105E-4
32419 6.105006105006105E-4
18086 0.0030525030525030525
16044 0.002442002442002442
7853 6.105006105006105E-4
5805 6.105006105006105E-4
30383 6.105006105006105E-4
18096 6.105006105006105E-4
11954 0.001221001221001221
30387 6.105006105006105E-4
7861 6.105006105006105E-4
28349 6.105006105006105E-4
30402 6.105006105006105E-4
14022 0.0018315018315018315
30406 6.105006105006105E-4
20167 0.0018315018315018315
26313 0.0018315018315018315
22219 0.001221001221001221
7886 6.105006105006105E-4
3792 6.105006105006105E-4
5844 6.105006105006105E-4
11990 0.001221001221001221
16087 0.001221001221001221
11992 6.105006105006105E-4
30424 6.105006105006105E-4
1763 0.0018315018315018315
5864 6.105006105006105E-4
28396 6.105006105006105E-4
3820 6.105006105006105E-4
5870 6.105006105006105E-4
16110 6.105006105006105E-4
9969 0.002442002442002442
24308 0.0018315018315018315
14069 0.001221001221001221
26357 0.001221001221001221
30453 0.0018315018315018315
7926 6.105006105006105E-4
32506 0.001221001221001221
1786 6.105006105006105E-4
18176 0.0018315018315018315
18182 6.105006105006105E-4
26375 6.105006105006105E-4
22280 0.001221001221001221
30476 0.001221001221001221
28428 6.105006105006105E-4
32524 6.105006105006105E-4
9997 0.001221001221001221
7952 6.105006105006105E-4
12049 0.001221001221001221
18197 6.105006105006105E-4
26394 6.105006105006105E-4
32541 6.105006105006105E-4
3873 6.105006105006105E-4
5922 6.105006105006105E-4
16175 6.105006105006105E-4
32560 6.105006105006105E-4
20273 6.105006105006105E-4
1845 0.0030525030525030525
28470 0.002442002442002442
10040 6.105006105006105E-4
22329 0.001221001221001221
26434 0.0018315018315018315
5955 0.001221001221001221
8004 0.002442002442002442
16202 0.001221001221001221
24395 0.001221001221001221
32588 6.105006105006105E-4
18254 6.105006105006105E-4
12111 0.001221001221001221
8018 6.105006105006105E-4
3925 6.105006105006105E-4
22358 6.105006105006105E-4
30551 6.105006105006105E-4
26455 6.105006105006105E-4
10076 0.001221001221001221
28509 0.0018315018315018315
30566 0.001221001221001221
22374 6.105006105006105E-4
1895 0.001221001221001221
3946 0.0018315018315018315
24432 6.105006105006105E-4
22392 6.105006105006105E-4
30587 0.001221001221001221
8061 6.105006105006105E-4
18304 6.105006105006105E-4
10114 6.105006105006105E-4
24451 6.105006105006105E-4
12165 0.001221001221001221
14215 0.004884004884004884
18312 6.105006105006105E-4
16272 0.001221001221001221
22417 0.001221001221001221
6033 6.105006105006105E-4
20371 0.002442002442002442
8086 0.0018315018315018315
24470 6.105006105006105E-4
26521 6.105006105006105E-4
18330 6.105006105006105E-4
14240 6.105006105006105E-4
20388 6.105006105006105E-4
26534 6.105006105006105E-4
28584 0.0018315018315018315
16297 0.001221001221001221
20395 6.105006105006105E-4
4011 6.105006105006105E-4
32685 0.0030525030525030525
22459 0.001221001221001221
28604 6.105006105006105E-4
6080 6.105006105006105E-4
26562 6.105006105006105E-4
30670 0.002442002442002442
18382 0.001221001221001221
14286 6.105006105006105E-4
12239 6.105006105006105E-4
6100 6.105006105006105E-4
20438 6.105006105006105E-4
8151 6.105006105006105E-4
24535 0.0030525030525030525
16347 6.105006105006105E-4
22494 6.105006105006105E-4
10210 6.105006105006105E-4
2021 0.0030525030525030525
10213 6.105006105006105E-4
26598 0.001221001221001221
6119 0.001221001221001221
4072 0.0018315018315018315
8169 6.105006105006105E-4
14316 0.0018315018315018315
20469 6.105006105006105E-4
16376 0.002442002442002442
30713 6.105006105006105E-4
32761 6.105006105006105E-4
18425 0.001221001221001221
